22978794082888.2,23259101304,0.963492776716135,0.0210602801396059,0.253552109866794,0.146076494758597
23045317550360.2,23340816212,0.86662932337198,0.0689349415508282,0.143847577763867,0.0744231070785579
22916586524052.2,24663865814,0.959264752420494,0.020238802950776,1.64680845713781,0.818887859155603
23045564779822.8,23283319852,0.879945380963715,0.0795549216848119,0.0956185606463761,0.063399662930778
22529415234105.2,27900984284,0.96732466399399,0.020185298255365,7.00577041857908,4.33067690411039
23044071830847.2,23512983688,0.836302271370931,0.0948703610705567,0.0643150803560255,0.037305023885942
22955946164585.2,23688336014,0.971503442612692,0.0163504141257069,0.827142383708342,0.474072184508569
23046424091411.2,23322172230,0.824953619944381,0.128733888337441,0.0202642141160355,0.0149105831815326
23044079028651.8,23359391240,0.939658979731645,0.0455071080588155,0.0386452370855151,0.0291621109545082
23042406125612.2,23483341502,0.844828056268658,0.0660697491475544,0.279707191466146,0.119211062277896
23035175123774.8,23546874506,0.916252661892758,0.0375031849952694,0.254432389029451,0.114054772831727
23046188857749.2,23331640190,0.872836069290193,0.0843233560163399,0.0492594372906286,0.032686722016566
23040063658749.2,23472521982,0.873698855638336,0.0660441511943901,0.212262584130051,0.111085342184231
23042074902460.8,23406384726,0.895332299769436,0.0480687345749102,0.268067560581577,0.123234688958639
22942005866851.2,23719482748,0.963002154790926,0.0155780208890812,0.838224709549359,0.352993303406735
22927658002795.8,24516576382,0.948888569576575,0.0209707131351815,1.65481052787586,0.679630535094689
22899217213386.8,24549222996,0.954846861415999,0.018791898176431,2.83518861564594,1.18129785053013
23046577712649.2,23370260300,0.797668341726057,0.138232573613534,0.119525515783101,0.0817178238011369
23024612650580.8,23666202660,0.942155281194605,0.0332317080036177,0.574164456987184,0.330096222073989
23016707983475.8,23690927416,0.946319758043479,0.0251763898643466,0.516084409372854,0.24226191319789
22976241535890.2,23919367970,0.960336350370177,0.0254179307127312,1.04553647413784,0.670405198924111
23045012718489.8,23321458114,0.948123970928667,0.0256040623110712,0.0315574622628137,0.0155883470457063
23045027122284.2,23302250714,0.871275526234453,0.0692485129073585,0.192233272586008,0.103488761162893
23044059826546.2,23340179280,0.897857450572838,0.0491407341492819,0.202214398712516,0.0973689818970602
23047240207329.8,23264969972,0.806311105869489,0.1112712051591,0.0362280820855037,0.0208286604160619
23046894557371.2,23274394736,0.800028629001105,0.115398677348614,0.056718788274197,0.0327542454509725
23033833682435.2,23478939546,0.910840427899063,0.0493333920983343,0.325056718563879,0.179989614046492
23029144955357.8,23572540928,0.929714935506992,0.0354751732504994,0.65558221225467,0.331155315684107
23037234148841.2,23499909216,0.925047060366167,0.0353752118837473,0.428774854356324,0.202539259375989
23002022549772.2,23347595430,0.945724239618821,0.0312706976957352,0.681409091521308,0.392358512566775
22653228786450.2,31213648454,0.902377421425747,0.0377371583721482,16.3952659670057,6.34438500724993
21151461289412.8,38862340416,0.959934677014458,0.0185251687458973,21.1251760618145,9.77602262097425
22574237014774.8,25734290428,0.967205555161195,0.0145297034984272,2.58491216602282,1.14543495815851
23047909914869.2,23236510874,0.248269270280468,0.511960709392041,0.00208170873707784,0.0014186770647675
23047957921915.2,23217331332,-2.08297337264869e-07,1.04906918195404e-10,0.000601562584717051,3.02971053534984e-07
23047957921915.2,23217331332,-2.08297337264869e-07,1.04906918195404e-10,0.000303697454472805,1.52954223010349e-07
23039742062405.2,23385965392,0.912531705819066,0.0524402808321449,0.188151646940689,0.112877120662276
23047957921915.2,23217331332,-2.08297337264869e-07,1.04906918195431e-10,0.000843604040202236,4.24872841695467e-07
23047957921915.2,23217331332,-2.08297337264869e-07,1.04906918195431e-10,0.00504079451182571,2.53874636272407e-06
23047900313006.8,23226901758,0.388936596394446,0.40740560749246,0.00424221272741645,0.0028300701394955
23047926717092.8,23226916272,0.249461676927248,0.350579053113356,0.00305205101439081,0.00142700547920014
23047941119464.8,23217321660,0.124999635469991,0.500000208431268,0.00644197162787428,0.00368339583646158
23047941119461.8,23217321660,0.124975130496497,0.499902188373935,0.00185951886383622,0.00106299919703954
23039506854423.8,23731486978,0.897699594432722,0.0945552654664273,0.246534007744819,0.22692214472059
23026565682862.2,24195109408,0.875509272610511,0.0652741612338286,0.645570053931103,0.338783760136356
22970415644844.8,24472419990,0.940390027750815,0.0254372422769819,1.35872226165665,0.580445872218622
23017242922412.8,23787121952,0.943577123943945,0.0339329406716405,0.575213009402311,0.346170339692188
23011807539227.8,23918661462,0.945239791836928,0.0297896343783104,0.491693395928162,0.267717296216071
23041316475069.2,23453994842,0.901243017839398,0.0523360813989444,0.18403593783932,0.0976144678195215
23044539880486.2,23714810630,0.800456106142944,0.194995532471993,0.509874725692474,0.498347615386698
23033814482538.2,23392551428,0.930061672869942,0.0438108643259392,0.182468168002506,0.114369979025802
22820602648258.2,26016759120,0.934451894468954,0.0298741751151285,5.01576721964466,2.28798757676437
21104441291721.8,29248695318,0.961262822329836,0.018650197041438,10.3876384484777,5.00514373652413
23047909914869.8,23236510874,0.248183689358124,0.452732195299157,0.0103934126594896,0.00626374567238424
22784867673995.2,30158433660,0.929780932169516,0.0317820056764612,5.46505093605284,2.47613047464373
23046880154349.8,23283989114,0.865202913043826,0.0878338363137092,0.0613506264591701,0.0400022029281038
23039274073359.8,23491339490,0.890372565993254,0.0425341414479453,0.694481417372416,0.269731297678314
23030241509570.8,23553944302,0.942294342843752,0.0241008527016378,0.19083875396126,0.079796369839862
23039494842185.8,23318695100,0.954066736207412,0.0324202927083503,0.272495474483546,0.18783875517829
23044566269673.8,23302022644,0.903890685999307,0.0454304547651441,0.151731784356734,0.0717886460760654
20488064262397.2,33392094480,0.967785792555951,0.0168931825336174,23.7990019086379,12.4892372479611
23022367096672.8,23876254810,0.937344694141615,0.0324778804142075,0.144348466455591,0.0748883908875626
23039610068955.8,23491539554,0.816802605017691,0.120838913225868,0.0837801918828509,0.055295234811473
23046222460768.2,23322045844,0.864811110219207,0.102928759348417,0.0791948812011774,0.0603326549423765
22899061855431.2,25419936248,0.935002009874232,0.0294470130958204,4.84846919780245,2.19847015578177
23047957921915.2,23217331332,-2.08297337264869e-07,1.04906918195245e-10,0.0078190638175584,3.93799425470708e-06
23047924317014.8,23217311988,0.166660861370731,0.666645945231137,0.0218988929314075,0.0175254409872599
22558579088424.8,26788689124,0.96089205322086,0.0172251739789913,9.44978109472317,4.16587506114606
23043531788695.8,23339897516,0.828883325504505,0.0935939719117084,0.265251942548983,0.145208672561514
23041388475607.8,23559602374,0.864684025529351,0.0763897109216659,0.504716327177771,0.285198289802257
23027227849417.2,23571530986,0.949454458044312,0.0314600511426733,0.389903416683181,0.242834631440575
23036888588507.2,23739654946,0.876285485156947,0.0825044772711073,0.491464695241253,0.327966414040236
23016830347370.8,23892483296,0.915520164325475,0.037714154723524,0.555864998097034,0.248381357768033
23040296460499.8,23415031628,0.917930095434687,0.0584608905146332,0.234118990541344,0.166862372435348
23033058594498.8,23478582756,0.92983823403975,0.0457259135481443,0.394526593705378,0.257265674859635
23035928621819.8,23201632126,0.953027722881884,0.0189905609329271,0.0530796878023818,0.0209673729780063
23046052043107.8,23369992552,0.881645995454641,0.0950572003901718,0.194704603263769,0.156467106704427
23045437564808.8,23350463736,0.871269875910652,0.0797259261149349,0.134774659143455,0.0835309434481444
22210435388903.2,35366370706,0.923303211214078,0.0328273728595987,22.868936671447,9.7973898884922
22968537004513.2,25401095152,0.903049397483852,0.0434880733575429,1.91054297112525,0.85792109794092
23045089523982.2,23359868132,0.809513112411672,0.120745358893477,0.149450787935871,0.0948015262609246
23047957921915.2,23217331332,-2.08297337264869e-07,1.04906918195378e-10,0.00308113357102999,1.55178248749605e-06
23045771205613.2,23293035226,0.875005208918662,0.0739776332318677,0.16265132492821,0.0963306830008086
23023252344550.8,23867039864,0.908670155046984,0.0443407641007582,0.476214087027245,0.23140670272321
22950738434949.2,24471349948,0.956731869709757,0.0216670509196223,1.17831012140731,0.590543380494539
23044338255147.8,23359517800,0.884902480146679,0.0736218890743597,0.0434473646794443,0.0278100631831236
20655586959941.2,39416398364,0.963549650969964,0.0173460015954783,9.20604123217191,4.36906826224285
22723521613244.8,28459044874,0.951317804360523,0.0190147541740678,3.94501493474944,1.54279041887787
22994853148609.2,24274331530,0.913195942902948,0.0393343732812066,0.976646316426024,0.442942667523119
23047957921915.2,23217331332,-2.08297337264869e-07,1.04906918195325e-10,0.00108356252274865,5.45725561110991e-07
23047957921915.2,23217331332,-2.08297337264869e-07,1.04906918195351e-10,0.000453671506064314,2.28487172645119e-07
23044448666233.2,23484398640,0.886580733018125,0.0933898633759603,0.0551334037642147,0.0454223779359157
23047957921915.2,23217331332,-2.08297337264869e-07,1.04906918195457e-10,0.00793362732919081,3.99569303567889e-06
23047924317447.8,23236520558,0.164117698095591,0.65647328599059,0.0418942793360397,0.0329167720534901
23047866708797.2,23255695228,0.312620077942769,0.588135476841001,0.0241015144721749,0.0206307410850941
23047883511007.8,23246100634,0.370238633821196,0.530217396037757,0.00972052558980629,0.00818785671497647
23042334109736.2,23348897866,0.898311007473128,0.0414571459448435,0.147283794407382,0.0601075819954033
23038868471858.2,23452748934,0.913402207081481,0.0376879264794594,0.249169218399445,0.108560657560821
23026407293663.2,23676759822,0.944009954331694,0.0233505089661106,0.294849794806173,0.1231051786945
23033569712305.8,23392448880,0.933134066433038,0.0285538601269349,0.212841713223553,0.0909759321267871
23012083488591.8,27305179538,0.873553608121216,0.143022878555744,1.92636799521281,2.17932842055699
23039154083135.2,23932782054,0.863340711850415,0.0877127054393253,0.25614187337097,0.164514300263964
23047840302326.2,23226872728,0.577410165625626,0.116125028823227,0.0160549817585103,0.00441882458892309
23047278615725.2,23226577618,0.716669515405444,0.233406654353088,0.03890815655021,0.0320650233075542
23043450190254.2,23560652504,0.850563326750333,0.0936355601438894,0.1553994958256,0.0974391212289208
22845737708106.2,31011590896,0.916360639388689,0.041557712793211,4.08176389948397,2.0298129915736
21709214149051.2,41979814466,0.938744897549024,0.0248383454718745,16.1151331523096,6.5412065164233
23046839350219.2,23360792530,0.786515126398995,0.153782452587024,0.00870705627859946,0.00627609971573825
22304748183852.8,28752437518,0.961406892131498,0.0160120660408379,1.55852413974037,0.646483840693727
23047172998489.2,23284149148,0.830925198854121,0.0834819633423995,0.0298572393443787,0.0147566839573967
23047485046968.8,23265105668,0.753396016947044,0.117831328355341,0.0192891666828941,0.00922547109790535
23047957921915.2,23217331332,-2.08297337264869e-07,1.04906918195325e-10,0.014412506357944,7.25871645989966e-06
23046844142735.8,23255176924,0.881866418434472,0.134701217412273,0.0248380321442569,0.0268949080948846
23039199663984.2,23414510072,0.931523267800306,0.0350419986558446,0.202865047441428,0.103913722160971
23035772659547.2,23412768740,0.938823969018476,0.0245816581305828,0.147824090542347,0.0594581281768682
23044266247837.2,23445881332,0.886652502840266,0.0758099270720938,0.209607372838565,0.140299322476366
21500551862405.8,38791230018,0.947639940533632,0.0224723660816493,23.21078109237,9.97235586655173
23040075654406.8,23414978268,0.916406574905861,0.0316177723067999,0.164313766191794,0.0622257591365142
23037992504511.8,23471508622,0.907146108569113,0.0427208541722579,0.378210718831919,0.174180993342171
23029041764045.8,23351742556,0.936554728550122,0.0271867385791532,0.362646874938035,0.155081618649026
23041038070147.2,23597851922,0.911509756785133,0.0623380885091123,0.329074398311758,0.231979463749166
23047957921915.2,23217331332,-2.08297337264869e-07,1.04906918195404e-10,0.00609936135930911,3.07188309889555e-06
23028468331553.8,24032825860,0.924016592034304,0.0515590924212244,0.729517888668969,0.495409028431232
23047957921915.2,23217331332,-2.08297337264869e-07,1.04906918195378e-10,0.00315320443471147,1.58808026607055e-06
23043274970181.8,23493311632,0.838857147254337,0.150882395290464,0.431163145050902,0.403898883360693
23034536805290.2,24285545736,0.871783364191026,0.122776898005399,0.511945539384063,0.490321330574845
22967935476177.2,24624305096,0.941696845529991,0.0252672330229174,1.00104614486405,0.434244678950258
23032770643829.8,23603210982,0.918687561822914,0.0388059714865999,0.42123621185605,0.201209372491856
23008502494338.2,23840220384,0.923726405922365,0.0323416410614489,0.881850522662371,0.374351611155273
23041258873900.2,23377137616,0.857702423674556,0.0625583661969896,0.145852669904843,0.0641821707748723
23029912774623.2,23496164484,0.936235723994469,0.0325071271530852,0.366539310552113,0.187010456640101
23010615473853.2,23860426518,0.954731667948171,0.0272716265334,0.572381664054986,0.345071508246704
22987142872176.8,23464720066,0.970443377079418,0.0180351830778779,0.390940870838401,0.238252317136548
23046582512042.8,23322259692,0.832820714749121,0.100718142559186,0.0529358207018092,0.0319153645997824
23047643471827.2,23265183200,0.723681888644921,0.191273611232785,0.0235075720031131,0.0162830145684449
23004646107589.8,24336786810,0.92379598002253,0.0480988449986179,0.909433785670865,0.574402592976229
23047957921915.2,23217331332,-2.08297337264869e-07,1.04906918195298e-10,0.00640555838130844,3.22609620439975e-06
23037999713635.2,23682635050,0.902727332030707,0.0615501340013617,0.274405712727542,0.173757829031528
23046654522257.2,23303095368,0.848306427085536,0.0700705486794959,0.0872262470359014,0.040329952346325
23044604688648.2,23609308838,0.867637642544369,0.140023519545053,0.135325519042377,0.143207549172543
22999775686734.8,23595879986,0.953382611778456,0.0183560344758592,0.335589071454242,0.132048384298025
23043190959305.2,23368527552,0.908240280039932,0.0530229810103965,0.0677483759136995,0.0391743020456021
23032285913854.2,23583773772,0.962626276716449,0.020367551207529,0.102209704438683,0.0557492868708674
22996526669987.8,23853362700,0.944859748862908,0.0249845840036931,0.377744385197281,0.170999284390344
23043325369061.2,23445368522,0.898816107560111,0.0726962646979805,0.185882214848081,0.133632484961494
23034759966675.8,23498641016,0.923434630418145,0.0424248644378966,0.277701687320963,0.153990743762443
23043711799731.2,23388016414,0.90767954307261,0.053302435223387,0.12672216930138,0.0732202605916555
23045727999491.8,23254600488,0.899673778391103,0.0590366845696948,0.0727466088310546,0.0428356677397401
22167417103151.8,35088419572,0.934912938522426,0.0255211604213916,18.2132189642911,7.14881808525883
22977511895522.2,25070633990,0.915586050330641,0.0492455097725943,1.42741410930172,0.833368866130986
23039547671017.8,23606722990,0.829019411957547,0.141630768824561,0.312843471005694,0.259274887166415
23046380891988.2,23418177966,0.761278512647651,0.158945076911621,0.222638002101194,0.148332493165648
23025162078487.2,23704882344,0.917554632490297,0.0483237235956634,0.560106083368478,0.328544348360447
23042898144371.8,23406799616,0.880009637738932,0.0609998803669092,0.160910189685985,0.0818818379362976
22936134092818.8,25105333688,0.929948803011166,0.0277373867135577,1.97937654684264,0.784539492066155
23014541944594.2,23843340396,0.942268073411172,0.021938176474552,0.53321732682389,0.202839911191882
23031978767464.8,23516438568,0.93510460032674,0.0229438733154571,0.408668857021465,0.144652127828668
22776887151188.8,26440478016,0.938112227534234,0.0270599352965979,6.13541575882842,2.68510926703667
23022578192678.8,23684342830,0.946032174310912,0.0299557085378594,0.59414636658279,0.330025028872734
23009941515468.2,23706597772,0.962502761530013,0.0211201266303851,0.362202207415733,0.204158537969021
23016072321984.2,23872891908,0.936181526710033,0.0265597343240953,0.482556223742452,0.201065621581025
22616682313277.2,28678748684,0.958343984002753,0.0211412825785701,2.76092746050882,1.40236179762306
23047228206041.2,23284163692,0.751677788492262,0.139149198369945,0.0153853623336397,0.00862787680215446
23047679478355.8,23265202576,0.711888100284582,0.19255469690176,0.0100006535659597,0.0066880331337201
23037954095192.2,23490723102,0.975836288019583,0.0162023155966334,0.0824795339585729,0.0552158900705534
23046709724394.8,23303114732,0.912332553727974,0.0864678187854502,0.0379966819986121,0.0348371281326217
23040553252519.2,23424820884,0.93068962008886,0.0365710779432188,0.15944797497478,0.0839021910700837
23036890967738.2,23518941584,0.929842768937586,0.0340072604165352,0.305252094794735,0.14811237042792
23046311276666.2,23331722730,0.878710643998262,0.0961024717717791,0.0637909718318987,0.0505718172645869
23046148053949.2,23302828352,0.871602830388885,0.0614422296809718,0.069784575960694,0.0334274297642233
23044259044640.2,23292254022,0.909991479645294,0.0503004081766741,0.0854205100052298,0.0477710369899226
23002840310682.8,23798907646,0.940647534919695,0.0211580055390178,1.01719309275366,0.363100527837059
23037366138423.2,23595994738,0.904525987930597,0.0899096814377677,0.177013336164984,0.165776174104154
23036497399128.2,23432328738,0.893188525828263,0.0375620321514956,0.279444665862321,0.0983850336069486
22708996269162.2,25324580934,0.968106201544134,0.0131375451596221,1.10469242635567,0.453012381703111
23045041522821.8,23302255730,0.859388077407983,0.0874802602996442,0.0715657587844809,0.0445499854392302
23040601258802.2,23309606222,0.907464110033624,0.0518984842856849,0.316590261160869,0.177680419974912
23038395670389.2,23567595594,0.909888170712382,0.116658442100538,0.140857873317806,0.181782725278297
23047000172823.8,23341652434,0.796940538360917,0.175755369829819,0.0230692780578113,0.0199711233756899
23046258468916.2,23302886590,0.894792416111276,0.0570040187355292,0.0444014922641378,0.0240794519851191
23029821599445.8,23544143616,0.928629998927551,0.0352850376780554,0.265796800839759,0.131533920056921
23040714061261.2,23568862200,0.910799971065327,0.0523202247662095,0.19876109387946,0.116688872409697
23000533430850.2,23884046086,0.952231589183332,0.0303051366453743,0.778433604777105,0.494209471823912
23045211938793.2,23331129806,0.876620859455145,0.104286903345653,0.205634026397751,0.173906160718164
23045108727905.8,23292705552,0.880411762319036,0.0583140496626232,0.128810900710612,0.0628644200977243
23034030470038.2,23690263670,0.913740585412302,0.0513066125717526,0.455580650708536,0.271179587730627
23046704930193.2,23370318714,0.810568826095879,0.133186741329153,0.0926821409484962,0.065208211852484
23046644920824.2,23303090454,0.837161907521593,0.0723092068124125,0.0831434623051868,0.0369569594516613
23042886146006.2,23397191554,0.876153275627551,0.0477226276031179,0.0769509452425999,0.0296830874427192
22963210280814.2,24276806742,0.945088058720547,0.0227492409259049,1.38810156043074,0.575727093653728
23043651791513.8,23349568814,0.922200972881031,0.0383170108134221,0.203698103759037,0.100413190614853
22950146827424.8,24653201978,0.965239666596353,0.0171666591423845,0.798511090229706,0.394715779885819
23023168366090.2,23655893822,0.946202188528683,0.0215298712757689,0.263682568931065,0.105650780469695
23039614866444.8,23539519076,0.894546892360144,0.0613813768865765,0.180689666862346,0.105263085155623
23044623878997.8,23321263846,0.867699629971271,0.0479276187301912,0.159719697037285,0.057937560347286
23047362629572.8,23313058682,0.747233161386066,0.200359241847276,0.0573835125900009,0.0455062866504099
22414490290233.8,35292150764,0.937837510772449,0.0316641253875306,8.18113433981049,4.1710416791467
23046798540172.2,23245548662,0.869089177942146,0.0619775779676555,0.0434775608433511,0.0206008902662481
23006984390758.8,24088871866,0.941287392943721,0.0239210899500086,0.493296233021974,0.201216381362035
23003156848507.2,23645581822,0.954862058764428,0.0234515272619615,0.898053418169243,0.466936812770477
23047941119678.2,23226925948,0.124946107424757,0.499786095931048,0.00766189120473079,0.00437911863995858
23047957921915.2,23217331332,-2.08297337264869e-07,1.04906918195351e-10,0.00104148646938548,5.24534372463607e-07
23046047240747.2,23331596406,0.829721118782734,0.101888867697152,0.0127886905654872,0.00765814686676663
23018178472719.2,23749264544,0.935952231400468,0.0227081335074396,0.457177947963191,0.162280586874715
23007538369753.8,24031619752,0.943770494613313,0.0274961549568509,0.575592624918797,0.28172616725468
23029924794296.8,23870542022,0.915253543250862,0.0519955814155328,0.485563450095034,0.298131588632977
23044988717358.2,23331052164,0.900711028660671,0.0513227773325804,0.0519132280644293,0.0268585611884945
23020805292846.2,23702654968,0.932369200509561,0.0264047426315053,0.716463087185162,0.280064275770597
22965584739365.8,23952073376,0.959944177569919,0.0176749992292708,1.28947422044716,0.569528608948296
23039725263683.8,23539562886,0.920902065916011,0.0539644337216759,0.320321342597607,0.21869994873348
23043514982026.2,23387884976,0.913539318367049,0.0521502388573294,0.103046212144975,0.0622037041446623
22934809838821.8,24731082488,0.962529649198812,0.0170595813337843,1.40544549575687,0.640434489542707
23033178583689.2,23565033264,0.926667114128107,0.0338941062639706,0.147427882651235,0.0682104390946676
23046032835478.2,23225948680,0.878852200923665,0.0730730134404843,0.0789237396899663,0.0476349181647117
23026102583015.8,23532615194,0.954905425905362,0.0256724621173227,0.282151330542723,0.160740539174965
22924622465845.8,25549237296,0.916813606650287,0.0377124289426778,2.90907484985398,1.32001972565141
22840088497043.8,28493969826,0.898792720290106,0.0381769860477377,3.09146937322489,1.16741915533907
23042950941333.8,23397176350,0.903905593894452,0.0721397409519904,0.172524325558624,0.129592371732961
23044021409267.2,23311373956,0.928896088569774,0.0436224238308202,0.0433520835259183,0.025438388781138
23028189984420.8,23639264600,0.941414812813941,0.0320127033008771,0.301784952312372,0.16487403362646
23046623316243.8,23341453100,0.829053415598852,0.146043887138196,0.081992079417927,0.0700618576461592
23015784455494.8,23556127758,0.959172679534614,0.0170547918525256,0.449840273814852,0.18812454054854
22997277172643.2,24026238178,0.938765874732387,0.02841973219386,1.22486248704153,0.569056152787255
23039010067413.8,23424024556,0.908101342875632,0.0440780848388475,0.31284302815841,0.150206671053747
23012126563874.2,24168271714,0.928580795504775,0.035305934290666,0.813279927786986,0.402384388634746
23028950599033.8,23543675912,0.961137428605209,0.0187250829775238,0.387844977160738,0.187064323140247
23046815344147.2,23255157538,0.841924338037642,0.0689642301817768,0.100636927839601,0.0439471394166983
23047117788181.2,23284115206,0.837388898589671,0.0904255653019772,0.0451957557132046,0.0251558183380443
23033920070728.8,23574997942,0.934981632155071,0.0366799759445511,0.359362903324919,0.202892438950206
23020802904691.8,23750633042,0.949056771224547,0.0244416349684127,0.386805846734327,0.185741399104311
23046647321742.8,23303071052,0.880276511407702,0.0913753054705813,0.176333139119798,0.134658116754151
23046203261454.8,23293248684,0.87930940567668,0.0919698064951565,0.114263480991643,0.087117099592743
23044364651199.8,23244304390,0.890365112745887,0.0845955095769235,0.0596862157858566,0.0460790207378061
23014074193130.2,23727962280,0.949821601428554,0.0266937737287298,0.545721744201654,0.29052895524808
23023223551528.8,23780658430,0.935134827395913,0.0251926741794569,0.424222397803538,0.16493226386674
23000631781999.8,23816904524,0.924967604947338,0.0406123035726965,1.20317952807907,0.651706577366417
23021774484169.8,23578406972,0.96260556223598,0.0143758705749876,0.468263691322238,0.180242461355805
23046760137598.2,23312747942,0.858743267216747,0.092365174607015,0.123087676850257,0.0805386436756788
23046544106128.8,23341428802,0.86045962417314,0.0938374764256791,0.1041506602533,0.0700935840027708
23044129425482.8,23234584578,0.923862997662245,0.041267475583965,0.0317327817937071,0.0168850765769313
23028470725567.8,23591429280,0.942627664068149,0.0360923031232558,0.208984236752371,0.131559618464523
23027707743379.2,23859794610,0.948073833942615,0.0246292628745727,0.146933136799283,0.0697624305566578
23029192954245.8,23514929686,0.936722881398548,0.0446013885447958,0.225693968576784,0.1591623382336
23044367053966.8,23340306002,0.870776085746662,0.113198173610088,0.0230979388900294,0.0202431551787879
22903450098546.8,24494118434,0.958606461528567,0.018486195820195,1.46269451268829,0.653811520938294
23047909914867.2,23236510878,0.244880560850878,0.493818636959261,0.0104324773813383,0.00682723910101447
23044760692516.8,23350132936,0.938707341691264,0.028842874949058,0.139836276252346,0.0658596962366853
23029459295371.2,23745511840,0.937739349996583,0.0360283158952917,0.183191274306602,0.106093646728689
23038784473835.2,23433515318,0.918930194901015,0.0353032857562923,0.0965218981663039,0.0420769142836288
23013225079750.2,23593181368,0.947695650633351,0.0285294658961474,0.380777842895372,0.207847456542758
23040351661622.2,23415071448,0.915964954476232,0.0507174907579647,0.109857080628491,0.066345391188279
22995356560556.8,23833398160,0.96386323808074,0.0164927014976977,0.797938907759288,0.364541582377405
23037394940446.2,23499988970,0.908394516813011,0.0420104951755667,0.32548263061175,0.149396733626897
23028943397064.2,23534090278,0.944953291149447,0.0305179991138065,0.395275443587923,0.219336238091389
23025845868487.8,23686058796,0.927832498849561,0.0284100798590974,0.304892829998947,0.120169584732159
23007173836572.2,23973843682,0.937925443748654,0.029503813318143,0.838863481626811,0.399043329127873
23041263675519.8,23444343208,0.945282566966956,0.0367779540246642,0.0913250748918484,0.0614273324274288
23047941119461.8,23217321660,0.124976961813217,0.499909513653025,0.00200970516480295,0.00114887284374745
23042019702869.2,23463920720,0.871703355458584,0.0540168295755789,0.115873604654906,0.0488410703632459
23047957921915.2,23217331332,-2.08297337264869e-07,1.04906918195351e-10,0.00280118200805918,1.41078764817788e-06
23045031921069.2,23311859270,0.866795385381094,0.0599033647944153,0.179554585198162,0.0808209107208055
23029044192508.2,23860453592,0.923719350293817,0.0372647466922302,0.371625718401535,0.181727154218555
23031602042200.2,23535404446,0.934808577129202,0.032015713179109,0.478127530730248,0.234995063931903
23002135260318.8,23606678774,0.96314047923796,0.0205163908748883,0.62505424079109,0.348158902699469
22949480897149.8,24106575672,0.958753814312447,0.0248154277272268,1.36523843910055,0.821884229644393
23038916448062.8,23059123838,0.936075444963272,0.0336198763956174,0.0957678178559151,0.0492956249527631
23043745402543.2,23339994754,0.871696164403023,0.0615221449490135,0.179942820383067,0.0863560598158112
23047427438636.8,23284275266,0.743467317288391,0.140177907751242,0.0214843520879496,0.0117499442509133
23045809609542.8,23350648666,0.915182123995139,0.0730510417141688,0.0407803026471745,0.0351418937082333
23039684452735.8,23491521486,0.91425961104515,0.0532095886966599,0.0690078652401049,0.0428340760834464
23044357456043.8,23359508062,0.888247475052907,0.0768337946258477,0.0736593722067676,0.0506731760861494
23027592559920.8,23686938898,0.921585444619419,0.0333349565024984,0.490986994270343,0.208922776606472
23036279033997.2,23509005056,0.889403772897404,0.0591304683805626,0.0823101693974227,0.0440389638597617
23028823443156.2,23697164726,0.922450543509853,0.0348723581609826,0.540188241700969,0.243135312712447
23027297419964.8,23331652314,0.922976380235339,0.0266153510137872,0.154488350321733,0.0533427478425052
23038088507331.8,23548337080,0.905059933188535,0.0553586198863005,0.143652116844166,0.0838318804895682
23040272441831.8,23443879570,0.918994585206304,0.0529118196091259,0.270789943560844,0.174786012163839
23044916707328.2,23321414392,0.854074609592014,0.0481771092246368,0.142610916762048,0.0471418481944426
23043661392921.2,23579947864,0.916904634941607,0.112432324409862,0.177207090543177,0.23981765640984
22926389046681.8,24582889862,0.967632316153591,0.0184365784492369,1.10565551088187,0.63028725375874
22932082560124.8,24854265224,0.968706855408429,0.0142121357403434,1.04946920562093,0.477108802375177
22997862208275.8,23853878490,0.949390923969742,0.0243829243282024,1.08147385086347,0.52146521983766
22781072735659.8,25526345324,0.96894483976881,0.016363127995394,2.12169604122025,1.11894085520157
23047957921915.2,23217331332,-2.08297337264869e-07,1.04906918195404e-10,0.00408304355457882,2.05638455380575e-06
23035818265410.2,23585592170,0.91459701616907,0.0462612829477271,0.548796867105469,0.297541444871766
23045132735035.2,23379143566,0.895220091118653,0.0633926459254665,0.146679152517915,0.0888035668689813
23013390534721.2,22892776082,0.949167042466867,0.0256106208945366,0.278987633636278,0.139121992623246
23032132353972.8,23670108238,0.906879586439984,0.0364446448478123,0.549953322304728,0.215493431299065
23043601385584.2,23349534764,0.94983807398572,0.0298842914994646,0.0973601785520115,0.0580460386186788
23019392309794.8,23893805974,0.948742555357898,0.0269029116367346,0.709263108956135,0.372563652034076
23045715998260.8,23244987032,0.795912986003865,0.140113183988249,0.10326519320066,0.0709332767199793
23031666827392.8,23545016530,0.935860570014047,0.0353780994852706,0.287556589088207,0.158730300530625
23046884956829.2,23303206978,0.85305153514974,0.0887294442805946,0.0875987020400149,0.0529320838832263
22959959003887.2,23862920754,0.970100292453973,0.0159024539639387,0.855376105933519,0.455279353434973
23022074390551.8,23760840696,0.938374857867657,0.0338523873556373,0.409414563957019,0.225062669421014
23027738911084.2,23543051368,0.942885973316003,0.0286717959409349,0.193813471959813,0.0973754193199342
22962000366628.2,24467776194,0.950554695591842,0.0240258601398089,0.895607427114744,0.435421909889767
23012330450205.2,23976517050,0.918398416438956,0.0318841120302219,0.891843897651142,0.348829616843017
23047098587636.8,23293714476,0.78098745734749,0.1095055478406,0.0157321970210232,0.00787338094414336
23004413451566.8,24241008224,0.941944285736848,0.0414108255326335,0.369877888551162,0.263062395027427
23018814173106.2,23778371256,0.945162151071752,0.0273221673673337,0.380147279738326,0.189591805022416
23039137264676.8,23510468126,0.942574647110205,0.0384694840247449,0.163667422670011,0.109723972200022
23026150561851.8,23791734950,0.941660922446504,0.0311425705126576,0.335704724404597,0.17935606783352
23043750200893.8,23330400780,0.878733557323977,0.0782708900070416,0.10878346006252,0.0702560087077104
23003449423364.2,23952738900,0.952910998276351,0.0240648175634113,0.449118821447409,0.229721955512229
23019716154968.2,23519745900,0.951285803664641,0.0251279667790656,0.389176476494126,0.200895899918968
23037670929040.2,23644137514,0.912923211115905,0.0450240276398288,0.268058125799449,0.138729584757673
23044532669083.2,23321210714,0.893336795865106,0.0476936726727599,0.0363014773409048,0.0162469995696249
23041477283336.2,23559676074,0.869766881714615,0.0684875540425804,0.177485120162876,0.0934234818247968
22982578748311.2,23769219188,0.968821103238287,0.0178190913146753,0.830840544351299,0.475171843649771
22930571657400.8,23608272714,0.976764110254976,0.013614287107626,0.66474526521382,0.389571760455761
23008320229342.2,24032017804,0.935808416507016,0.0301851189211502,1.17600048105532,0.553527701685161
23033665711069.2,23555632666,0.901706924861278,0.0516097980065604,0.500268332608526,0.262878328486519
23034570414162.8,24535084200,0.860229950604267,0.136427128458618,0.883166811770437,0.862212249439033
23043361371614.8,23685353544,0.851440632242773,0.190652104923118,0.367781337375308,0.472086138178605
23015520612537.2,23958947916,0.959615468966099,0.0204555243340921,0.502245341337471,0.254638812775278
23047924316021.8,23217311988,0.169149917154044,0.402131440303403,0.0131227735172699,0.00635676190160369
23047449038941.2,23245873066,0.761919527909801,0.0954194749844338,0.048563877057247,0.0194842884261144
23002228904867.2,24479397880,0.881065663416492,0.0575158995944598,1.67609501305946,0.811216180035114
22986668385861.2,26053152444,0.893570027170818,0.0677172642035809,2.18693065517997,1.3924139935021
23047957921915.2,23217331332,-2.08297337264869e-07,1.04906918195431e-10,0.00400097442079125,2.01505124525561e-06
23047588262521.8,23226742116,0.674144517523302,0.165784227880258,0.0402059666076489,0.0204703339697211
23047957921915.2,23217331332,-2.08297337264869e-07,1.04906918195404e-10,0.00375976615448157,1.89356908459346e-06
23045999243397.8,23273905112,0.758264667236629,0.248507068459028,0.144222818439387,0.148308941799225
23026198559393.2,23599824796,0.936415658150898,0.0297872016869963,0.310602197135319,0.145629506597048
23046820148304.8,23389580386,0.799946776096523,0.182805396427206,0.0694626963730123,0.0635072511600177
23035676673591.2,23585518054,0.915420706128928,0.0403795610149535,0.155492456410635,0.0743121109894419
23001046590200.2,23711662890,0.959114747478973,0.0208006843144443,0.607571184967295,0.309345794148627
23020586987924.2,23577767038,0.936271612989113,0.0289831218985801,0.312718562865626,0.142347456885982
22998941267810.8,23624274782,0.966586490843537,0.0154298237427644,0.185327130850505,0.0856564133572116
23046544111888.8,23447058352,0.827451076286772,0.199937227297851,0.0274286184863926,0.0317924676650104
23031527649975.2,23545026904,0.917810883807526,0.0385502136416968,0.167219427228647,0.074420660342246
23043466970928.2,23339902140,0.938511506525167,0.0351139282299355,0.120950830823489,0.0685318346278494
23028588286046.8,23514709556,0.945250232478899,0.0195878544092095,0.307600332217302,0.110199459041828
23020788500518.2,23645049156,0.939609054714499,0.0243112648770586,0.505556901251003,0.203762587652605
23043106959924.8,23416499980,0.85895903757804,0.0602222998428872,0.172489961269149,0.0737360396461877
23000593387874.2,24018383638,0.964026159258927,0.0166401957411636,0.521334576453486,0.241402332028204
22988408691533.2,23973677652,0.95874885689847,0.0185552579457032,0.419306623179004,0.18877743232434
22943428399638.8,24113066616,0.957793347876179,0.0187629979161409,1.25216489883589,0.557247357668072
23042434918713.2,23406560322,0.898375276938987,0.0436538125387679,0.165348230563107,0.0711068599908174
23041590081332.2,23434935248,0.895336542038526,0.0481947429363487,0.210638715877673,0.0970887891228706
22989226126237.2,23954889528,0.962824996588278,0.0222268637908681,0.932973919487125,0.558258343539049
23030263115522.8,23630695486,0.919271376691635,0.0446074720926766,0.313224118491082,0.173198521698918
23044431859665.2,23301959486,0.90904700037387,0.0361849125653791,0.112639357236708,0.0448575611322604
23026644774647.8,23052967910,0.964815676732538,0.0164022801992777,0.211575327142061,0.0957161936616068
22955828783380.8,24023746162,0.96580293167775,0.0144055649664355,1.03007865613298,0.434407328371276
22982250400707.2,24190979322,0.961487981875675,0.0195381791315362,0.87154489858702,0.442582075083959
22996521847888.2,23805229724,0.958839362638569,0.017860784911831,0.731615489805167,0.317768491984908
23027995643232.8,23600797056,0.939963735501648,0.0296907203978036,0.490274737983009,0.242688287419591
23046556112971.8,23379869190,0.752594205112078,0.22912441858756,0.213426680186603,0.197725255773398
23042096499528.8,23367972412,0.914878005948728,0.0437114664227315,0.18112985197257,0.0930911610023067
23034162439296.2,23565538304,0.902666898955723,0.045109435670972,0.342516560062775,0.158879699178201
23034145646451.8,23527124106,0.925867555852436,0.040057691450918,0.32962934544433,0.178249116012568
23030318300094.8,23486783396,0.933293683323429,0.0307005740793251,0.22269621195771,0.102580202753189
22964930652741.8,24306372708,0.955753961840222,0.0232860218541406,0.978401151946983,0.515302761789726
22914240750548.2,24241292782,0.972854935045783,0.0130989257106752,0.929428083425442,0.448862634495356
23030575005698.2,23074138204,0.947062998411698,0.0268862782658694,0.1282689046135,0.0646842298996721
22943500298175.2,23978943504,0.968950493760488,0.0164740101840162,0.654139626210106,0.34734218423598
22985764506240.2,23962638596,0.958106964788798,0.023773303516151,1.07664465890133,0.61139096594509
23042070101916.8,23367957994,0.912267816048342,0.0582695030147434,0.148988727115719,0.0990118388799025
23013011612800.2,23746564964,0.942962115227857,0.0299363328083985,0.516726359122513,0.271407093505836
23038808472965.8,23558267682,0.924697002762628,0.04688531204764,0.232594500111669,0.144926343680485
22961245646540.2,24755001934,0.958207958462668,0.0226031359453016,0.86654520771688,0.468992747911562
23012366368675.2,23736756958,0.966813043497606,0.0229204722546349,0.274217112603192,0.18863205409534
23042211705885.8,23531215344,0.882867908007542,0.0849324476699965,0.309030667927481,0.224123856966954
23018142476918.2,23682075108,0.95268000912921,0.022811005950591,0.329500936916653,0.158982132596137
23047957921915.2,23217331332,-2.08297337264869e-07,1.04906918195351e-10,0.00531949629103326,2.67911176079442e-06
23028393942234.8,23629791800,0.944203185525336,0.0297135511722347,0.40990044914526,0.218478217353736
23039698862366.8,23683568042,0.918297090452921,0.0737734570455502,0.137365203160579,0.124097846356493
23029123363695.2,23764510784,0.928598426843964,0.039362876469121,0.36479112870678,0.201283016530203
23043034954079.2,23445275928,0.884593567464815,0.0608961003944064,0.178251768929031,0.0941417710117124
23017847427950.2,23739515202,0.941317062283573,0.028375030438236,0.367882325412587,0.178059800606986
23024583879634.8,23982891360,0.894395548896376,0.0577923386412711,0.718346639909307,0.393471940198451
22957024268846.2,24637672318,0.946020835347956,0.0238615850803561,1.4625177529649,0.647224290303904
22970192729973.2,24222956854,0.955621515737208,0.0202214305925176,1.06654362416316,0.486417884293855
23029087359495.2,23466972082,0.946926545713152,0.0197291729460923,0.211352180566262,0.0786710071508323
22996917482204.2,23958870574,0.962202760856021,0.0200135057073947,0.778344406068891,0.412453126077428
22992426756237.2,24052496798,0.941394630008763,0.0232255812145363,0.531544585022552,0.210867606617739
23016487305282.2,23853985754,0.94750894838121,0.0251881773600365,0.565066086926671,0.271420513921193
23040099654560.8,23366964910,0.912403815811843,0.032332437296787,0.246468586790858,0.0910744671926035
23027261447368.2,23648363780,0.931300888402239,0.0314965377422302,0.406788639213482,0.186667449024302
22879197514925.8,24500201388,0.961810987590172,0.0179075898434675,1.9287974513737,0.905223151646438
23047957921915.2,23217331332,-2.08297337264869e-07,1.04906918195378e-10,0.00322610848756845,1.62479767214316e-06
22949947971372.2,24020685276,0.97187175631358,0.0156685821978588,0.712191172041601,0.397062379236851
22892817383805.8,25110187454,0.952660711724727,0.0287150290379499,1.82786312754833,1.10966030841418
23038693275912.2,23385444066,0.929742396431176,0.0381101565047546,0.339937605873412,0.184527016340272
22992618509836.2,23851183160,0.962962416985259,0.018284177336563,0.631122932317079,0.311814628590355
23040836462664.8,23444152376,0.908358804406048,0.0618881521438346,0.2131551389256,0.144043310140123
23036286214914.2,23489807738,0.931938077296558,0.038471836798509,0.415066558378425,0.234780768427318
23021582574040.2,23607063358,0.937407271290778,0.0315028838550159,0.806819735743892,0.406385217753315
23005339160948.2,23742625148,0.953317799308952,0.0228621213304425,0.75563226056842,0.370375521682898
23041743686416.8,23348591498,0.899732909687898,0.051400540320778,0.223140173176179,0.114477923467527
23032782627500.2,23411208588,0.941724197967881,0.0406273288097637,0.221369639139554,0.154412738183107
22977408758530.2,24188461098,0.961812078119063,0.0190848845083494,0.614362784962248,0.307319018819683
23036406198090.2,23413090736,0.956816072046843,0.0186466078467724,0.104854637208698,0.0453179521939262
23009958325425.2,23917691544,0.935558267534092,0.0352359147668481,0.647919184720164,0.354538980298692
23019924870462.8,23500658188,0.943055480087001,0.0405385451910936,0.287517456127841,0.204788060254392
23031616442895.2,23535429590,0.914898945432623,0.0355330597300022,0.199729038787147,0.0834772489919763
23026966327285.8,23456254480,0.939019128658009,0.0374660281964784,0.18843247450592,0.115845218580992
23011200705723.2,23956864144,0.955184571865336,0.020949800856477,0.330389467836611,0.154201513189767
23047038570613.2,23236080122,0.904114664706568,0.0255538672611515,0.0354133054538936,0.00892835384796703
23038705263927.2,23491061082,0.944409780634923,0.0371706580180525,0.149542981806358,0.0998445782623946
23036833365297.2,23480524032,0.937651316118308,0.0346612361017797,0.135488552467363,0.0752201082081258
23033800059546.2,23584555770,0.945975564291212,0.0594000250379675,0.119064118002499,0.128982255251858
23038033297552.8,23385122960,0.932476765708089,0.0181194009345355,0.156377157589944,0.0420393131420455
23046652121969.8,23447068008,0.675590538846114,0.381581979948915,0.102541512004745,0.120638452579624
23046834547362.8,23226355068,0.848833157345975,0.113303519888779,0.0406179573444441,0.0304587718356112
23037783720700.2,23480998844,0.913500412324849,0.0367255477218749,0.183740635204334,0.0780985838392316
23039528460011.2,23443488404,0.936086734663079,0.0301140834690866,0.100038354364008,0.0471811958187333
23022770113544.8,23713262900,0.941406960634964,0.0279219045084432,0.407233681961069,0.194262022404923
23019140413411.8,23672982044,0.946171150867656,0.0229230989299143,0.348125122972114,0.148396155434494
23046652121128.2,23245471174,0.85846416372301,0.0765917573215621,0.0875506131858664,0.0474110627314491
23031083742709.2,23631133476,0.932438106240726,0.0333219350646297,0.266963314021259,0.131776905009816
23044703087529.2,23292486956,0.895019201225186,0.0652960348205313,0.214138227018843,0.133270717850347
23037226946784.2,23499900294,0.919335744612375,0.0400590717949983,0.19872580163434,0.0987870499320151
22991551629918.2,23908128312,0.949494153673721,0.0215449547527353,0.664147515941016,0.283638675177324
23026121763869.2,23542204208,0.955547450184545,0.0190335919810826,0.386850446913595,0.165795761522125
22946573106042.2,23779446576,0.966646529984667,0.0161302563133944,1.18142089524515,0.571808458837916
23044811099893.8,23321351322,0.896489055707049,0.0656715006113993,0.0746357132088699,0.0473802665937647
23036941359735.8,23432557828,0.916307499184092,0.034784975050466,0.194844993858572,0.0810799965084475
23044071826146.2,23292147280,0.9222725603493,0.0605176430290756,0.167970298435262,0.13084007316875
23035405493560.2,23546972534,0.912071828408072,0.0408592689334564,0.487889096327502,0.226920198979394
23043085352070.2,23397273916,0.950216452807871,0.0252284811228933,0.215886966600685,0.109508349337769
23021155547314.2,23635652478,0.936489095307442,0.0325238409778809,0.862487473535162,0.442076054676703
23033480936298.8,23584387314,0.922714066114822,0.0325852734915432,0.468550976701438,0.197774933584559
23022227931387.8,23405779424,0.928782223362847,0.0509239647743823,0.583373295951298,0.416208377013336
23008468912440.8,23773002640,0.956619354359449,0.0219132482304151,0.64022941084082,0.32365304064269
23004977050279.8,23713708804,0.954956579937483,0.0189171630371077,0.336016124246522,0.141253699275579
22984635417666.8,23779901470,0.965425646501355,0.0177060699178563,0.685812068902143,0.351484969803146
23003056139954.2,23837390918,0.945821495290047,0.0241261644098749,0.558884921660249,0.249149774157844
23045226348640.2,23379182522,0.775900523999545,0.0952296848765635,0.173340039417799,0.0737324304862826
23040066067986.2,23510966028,0.914393084556326,0.0411394781334092,0.216390624356134,0.10408793093638
23030133524409.8,23342692034,0.940455047491517,0.0322631921013781,0.19326428864689,0.104792383478832
23013059577330.8,23593103746,0.956668405641977,0.0168587964341391,0.297394642270371,0.115825340964323
23020186353458.2,23635157786,0.945234767740478,0.0249206977178165,0.803938217005396,0.366204711552787
23032871422675.8,23545697258,0.927587899619696,0.0337818250640866,0.316832796762514,0.147959599162498
22996423540011.8,23718859876,0.955080909117447,0.0167239395043809,0.811149899125272,0.302389481714491
23035302305401.2,23489345438,0.921734963356707,0.0404351286614969,0.287072292180353,0.14844031582181
23017468402887.8,23518580606,0.949099460539709,0.0293455143877945,0.281550278262492,0.162434580999199
23021736108150.2,23693535504,0.942283001867963,0.0258657987627763,0.415279849758209,0.186295779783803
23038434092826.8,23433320548,0.897729312249165,0.04501247870101,0.284219280680913,0.125208027001402
23030507861156.8,23602050946,0.933435214404719,0.0281974542541616,0.381901166141137,0.161932508524468
22959130071440.2,24102101304,0.961250366421304,0.0188045412287842,1.07781808777706,0.523475200957525
23000926704246.8,23797939354,0.952937315548421,0.0228125216989378,0.667372134229532,0.323760729627024
22979963732205.2,23969218076,0.960175278201498,0.0185786209232824,0.511593509652071,0.238881336689353
23037675722961.2,23413700032,0.929934745739665,0.0525366044320209,0.168966632151143,0.126757191067607
23036737382396.2,23461256200,0.937156287311995,0.0281500579634216,0.271076000713767,0.121532596853468
23038789285722.2,23462268100,0.904315258751129,0.0603114863988155,0.219349079901446,0.138344968241793
23035443889843.8,23460601914,0.924789371221049,0.0333547169478967,0.13446764039276,0.0596871287596807
23042437319807.8,23416148722,0.902201214156261,0.0438984578085382,0.138066459484534,0.0620274362666603
23043608594931.2,23416763470,0.888216791195739,0.0489690579213365,0.0655693559850208,0.0287559797259408
23040560457674.2,23386408930,0.925525317474757,0.0352495070822514,0.104330255851194,0.049421967838798
23013275453638.8,23717965848,0.937051518357733,0.0286955764090152,0.433175488819427,0.197669306209653
23045207140011.8,23311946682,0.902128868690842,0.0540642567137744,0.0847343871164758,0.04684273446286
23021712124824.2,23827825046,0.932235853073572,0.0359549737315052,0.559733538193198,0.297266656000993
23044602277537.2,23369272206,0.886883173096707,0.0780925796808672,0.0662680504897365,0.0457778055739032
23045274344622.8,23321579502,0.900494390878567,0.049350452856613,0.0994118523810998,0.0493544543938333
23003279161996.2,23933436400,0.952320173649155,0.0277517271199762,0.346024028384347,0.200197420260647
23031510850568.2,23621739336,0.937066143899356,0.0386683342678591,0.307411888150721,0.189018114871966
23021870456532.2,23655223412,0.932660545306263,0.038964404955912,0.602359713629307,0.348819062579486
23011493342931.2,23889748906,0.940226409323972,0.0237174235404809,0.549435788201662,0.218274380569019
23041486881619.8,23434861980,0.896568494822359,0.0505555178516305,0.156942168432069,0.0767766776174258
23047957921915.2,23217331332,-2.08297337264869e-07,1.04906918195298e-10,0.00682548572576466,3.43758846337722e-06
23047957921915.2,23217331332,-2.08297337264869e-07,1.04906918195325e-10,0.0084002132674755,4.23068443454293e-06
23046906557097.2,23293607740,0.864126873946629,0.0788622354908917,0.0377941239751455,0.0219562507742521
23045977631644.2,23341151682,0.883294202766718,0.0726043397654219,0.107338018931633,0.0668266328651681
23022254296606.8,23492228596,0.939943411443666,0.0247158417742347,0.282350846820301,0.116147384709709
23047019373634.2,23264868206,0.817895606120687,0.072081506052637,0.0888932730388536,0.035228402796046
23046088046065.2,23264369074,0.816533594510458,0.137620342174054,0.121429710432187,0.091132523372691
23034289616151.8,23488804490,0.945271442883375,0.0276492611243515,0.348267672142823,0.176093282675839
23008653568289.2,23629228928,0.947524512515677,0.02377330014583,0.721367076852418,0.327093166628764
23036730156813.2,23154047900,0.922684797863521,0.0424425119083578,0.17005923857756,0.090015123144232
23039043668855.2,23385629314,0.90365081144549,0.0446302308432565,0.261644706465423,0.121303424874767
23047480246070.8,23284299514,0.736513007486079,0.181696120177338,0.0258336059617604,0.0178270423397788
23046085646652.2,23341214860,0.851257929165239,0.0921993211124427,0.0442711748959015,0.0274620121769227
23046013632637.8,23273948718,0.91022733288556,0.0552229518705154,0.0377988128142904,0.0232682590255975
22926626097051.2,24468072342,0.960254243404484,0.0227722858037429,1.4171641648675,0.812532450678621
23045975228997.2,23341127356,0.89968223400328,0.0844135710190123,0.0311467620160776,0.0262139745360676
23037440532833.8,23528823258,0.933435085779601,0.0337687091855629,0.228826830456644,0.116201593825387
23033296157131.2,23517085294,0.911141096165435,0.0413482277709908,0.220026761985225,0.102477481838028
23037373338803.8,23423185864,0.918259715341964,0.0346036656603046,0.148668918465677,0.0630081122241038
23039499662818.8,23443429710,0.908604338599171,0.0643026542609206,0.340181523233186,0.23947603219141
23037418932180.2,23413612956,0.94116209422933,0.0255149131156489,0.137005980580829,0.0594790183198226
23039626860733.8,23539528918,0.924369353959437,0.0400475915828776,0.195647292154993,0.103694949364903
23041537276601.2,23377297868,0.939979295765894,0.0273705844298107,0.124933806933449,0.057035863101136
23040908466347.2,23453789726,0.910011443010516,0.0413333637167963,0.218606524976245,0.100499629437351
23043853407931.8,23311272172,0.906008609865887,0.0415507146660422,0.0667133909020579,0.0295181870274815
23024471111454.2,23656530908,0.940292708089111,0.0258864844049319,0.330405153971762,0.143407911231765
22975738296740.8,24340902590,0.958940886371577,0.0181716070425159,0.343292760905185,0.152094911918185
23018792590311.2,23739953078,0.936806415255986,0.0308477178268326,0.507756091754392,0.248056658161527
23044290247258.2,23378685782,0.886388668261027,0.0544628796466177,0.22532475439218,0.108114022195063
23036787784417.8,23634018476,0.893011732249512,0.0569380783744811,0.436225332169582,0.232333003794161
23012013809604.2,23659736082,0.94853693717164,0.0207139627915458,0.361048093234324,0.145466424356289
23031865997806.2,23449165102,0.891720702334234,0.0431466340497043,0.167845874540188,0.0669509657644574
23026793568499.2,23532921538,0.940143264401739,0.0397664580796165,0.175197625491041,0.116469674610599
23007106698277.2,24040951478,0.935829636711355,0.0273426000712552,0.23411378438861,0.099843588570941
23036458974607.8,23307553054,0.964753254210644,0.0173695818620072,0.160277846180794,0.0772973952948695
22978755726704.2,23968674304,0.963399193508844,0.0161455585055003,0.62760148160235,0.277139554986171
23020721328360.8,23721801696,0.946796147043958,0.02860164705808,0.557186727817469,0.299805891859194
23007219390512.8,24117751460,0.953647431578698,0.0263333409069891,0.560014372589607,0.318414204437804
23046282470650.2,23331703336,0.859771468787235,0.0853397508719839,0.0815152380543809,0.0496475587460086
23032612262344.2,23449529732,0.937687644802241,0.0320962320107121,0.27164426233919,0.140028561634841
23034683181583.2,23757780006,0.932146801661639,0.0441673066064289,0.197602396310503,0.128714461151851
23043061337731.8,23157231098,0.963419200533027,0.0296475533613549,0.0346598788531076,0.027354734066889
22960625063300.8,24294512564,0.953251574004961,0.032761016780758,1.49313891000726,1.04697821386945
23020387862359.8,23721615668,0.941071545575268,0.0257817264982138,0.490220574490439,0.214723415259916
23041530074988.2,23444479692,0.915470891291982,0.0393788338590496,0.16402944164539,0.076497592474303
23030997357169.2,23803851274,0.941051417692265,0.0313490356184759,0.365075509629396,0.194333812067464
23039031660247.2,23328029184,0.922564388504477,0.0291455931389322,0.212045861644369,0.0798949033483383
23041590081494.2,23454136346,0.906623999752645,0.0555141261959432,0.248966019244868,0.148134136086612
23004015367955.2,23722768860,0.955769352022743,0.0199673381404269,0.574356685686682,0.25956834925103
23036607763725.2,23125169428,0.948115438418466,0.0226752260479149,0.170342772348802,0.0739343532747828
23024725420375.8,23618275704,0.934627898791046,0.0317974625989328,0.490259689327329,0.238664713129054
23007348894751.8,23762843614,0.949665447598263,0.0251653215566066,0.399133519487054,0.199714677350076
22999588686570.8,24161747008,0.949017246740513,0.0269362314942435,0.677200318550248,0.358092072227567
22991470092018.8,23735491034,0.969027490760013,0.0157833422791115,0.568406198020797,0.2898815843633
22987226811751.8,24001760222,0.956150825136365,0.0242511831448239,1.408718179719,0.779658090299764
23036048640293.8,23595280914,0.913123195683499,0.0513075693160574,0.26752847656343,0.15812781462915
23030711806850.8,23582942024,0.92461762022584,0.0358088530307986,0.40510507046286,0.19261419630271
23047957921915.2,23217331332,-2.08297337264869e-07,1.04906918195378e-10,0.000481583343443844,2.42544693827168e-07
23047629070109.8,23265168658,0.643732360472179,0.208846931048739,0.0100271207071784,0.00588304177205638
23042643730549.8,23425883940,0.920150598606312,0.0524622760877216,0.267049201566241,0.175562985731811
23037118951373.8,23327023270,0.95156920782619,0.0304721486117756,0.183319660782238,0.11541114186984
23022098367414.2,23712875162,0.947649482800186,0.0248559619510482,0.518889969397122,0.246580120304012
23021822466582.8,23607179598,0.951120148125685,0.0285065080638143,0.432804784642722,0.252599191307512
23028161198745.8,23562474272,0.951102658210944,0.0207170847168092,0.267731101393093,0.113564621687379
23047494646103.2,23293898854,0.68698640517363,0.34180824432418,0.0576869726722655,0.063007710850402
23039494864670.2,23462663964,0.919855973125168,0.0349969029486041,0.18658813933774,0.0815654547486722
23041203668634.2,23367519634,0.934967110215618,0.0280514187796342,0.196861776964452,0.0849917144342054
23047350626246.8,23236215636,0.815057887111462,0.185304027958647,0.0400773124002363,0.0401693282170093
23045454367211.2,23254460014,0.878480064547218,0.0755043651457483,0.110096010138963,0.0684495561577281
23007569559073.2,24060368410,0.939427976942227,0.0248869653704445,0.9977859473309,0.41043488601404
23046781738966.2,23264732552,0.861704222112854,0.097937005991679,0.0134941855156399,0.00956150844942931
23035110323396.2,23374025292,0.936817311535275,0.03157889078987,0.284941384436435,0.142527615497237
23033173769734.2,23497854192,0.956395184476293,0.0216041973960073,0.354226083732742,0.175650415164293
23013220279870.8,23641165902,0.945648450904448,0.026304491575954,0.754184044510386,0.365312411679706
23044765491063.8,23273323366,0.891644329128419,0.0416331630283856,0.207018528545651,0.0796231411277184
23002343962507.8,24057639518,0.951323977270396,0.020872333165749,0.577058723961039,0.247672816982476
23032909816939.2,23516903834,0.941931126682746,0.0281676590798282,0.315957280870917,0.153407787252819
23042338921638.8,23512127084,0.868301727065419,0.0695385290619545,0.180605390071415,0.0954444586299519
23041165269398.8,23396308960,0.934302494928629,0.0355467668079907,0.14618303776838,0.0791638638434738
23046440892053.8,23312577978,0.886160833098374,0.0752605376870782,0.053234848338588,0.0352201619414271
23023187551746.2,23598308708,0.943531890875771,0.0294599213262783,0.38972079188209,0.203473890114876
23041520483914.8,23444480080,0.855732868893791,0.0753873146996366,0.285292864278054,0.149193688238391
23024075245845.8,23771435110,0.928270152155898,0.042691068130683,0.321757723992973,0.191634569578203
23044381453651.8,23301940128,0.958072175717511,0.0254216062357397,0.0883475750569314,0.0536021659417321
23022158357987.8,23904834958,0.930846583565724,0.030714974592994,0.560083542453122,0.248990672391986
22988272039265.2,23839342058,0.952102346310053,0.0191733918452085,0.630647470415094,0.252701763909244
23022998030175.8,23684601104,0.940575579676334,0.0271936324944222,0.370820802468586,0.169847607703598
22970422799685.8,24203855578,0.958479140129973,0.0215520154250406,1.04698870851775,0.543883399008241
23036423007684.2,23537905778,0.919851811214983,0.0353689607862069,0.159988667531021,0.0706785627789245
23028559499288.8,23572276048,0.919848716369254,0.0451041664331052,0.508380713659873,0.286284381538352
23019051672292.8,23682531602,0.958566089154544,0.0224692365148403,0.296370610072041,0.160833032320381
23044350250144.8,23359512816,0.889323292488431,0.043228377899534,0.118542588173697,0.0463590047651828
23026023413508.8,23618907010,0.943709579390718,0.0318480702132528,0.330568499324296,0.187152659588721
23040795642251.2,23156068310,0.969283458059056,0.0221894366764531,0.087071648851478,0.0618832117078389
23014748241482.2,23747505008,0.958913975905343,0.0207852835519643,0.386412300101291,0.195636816545576
23009092516747.8,23638992656,0.938752111704008,0.0376092104811078,0.253341042100766,0.155664098878058
23025589152473.2,23628325752,0.924180997004532,0.0368065042222077,0.387655366644745,0.188344905583245
22991091363726.8,23773532048,0.931627465130515,0.0383792325082093,1.24393105433765,0.698709309288553
23040471664386.8,23424707592,0.878678456018191,0.0825690823138722,0.384011852241405,0.261501416944024
23036360617474.8,23566645406,0.900360625321898,0.0480376754771983,0.306701020360816,0.147990030895074
