22978794006872.2,23259075554,0.974731736732501,0.0158689259194067,0.433232588257427,0.271732429602602
23045317550332.8,23340816222,0.88154637848293,0.0620910137400452,0.236784478735855,0.124236072283765
22916586354756.8,24663698168,0.968646369292667,0.0156273108676311,2.94226223530982,1.46773627726634
23045564779767.8,23283319820,0.887462188212963,0.0747567101554991,0.169232204813042,0.11248349010799
22529417748658.8,27901113834,0.975855700105593,0.0132372552780555,10.9659461299302,6.01659138989383
23044071830690.2,23512983546,0.837512545755388,0.0907893470876669,0.087768109662911,0.0490836819876589
22955946134519.8,23688322506,0.979898899436235,0.012079809429162,1.53137560240838,0.919782795640197
23046424091397.2,23322172224,0.81676895070826,0.145160505263439,0.0405073029514384,0.032105444316607
23044079028448.2,23359391114,0.953523445858845,0.037408157747032,0.0893769572173121,0.0719777412622124
23042406125453.8,23483341480,0.861165575306543,0.0602104980486255,0.583562622850408,0.253326963573077
23035175123213.8,23546874296,0.927167480531567,0.0336472898100101,0.483736723385255,0.22369965469
23046188857662.8,23331640130,0.892463247061023,0.0837769072262936,0.113608564920673,0.0885241461498876
23040063657865.2,23472520686,0.90189851305723,0.0550466042930826,0.411575448179115,0.231122544359532
23042074902287.2,23406384656,0.910808239355428,0.0404682037935052,0.602044512257131,0.273441892100053
22942005802099.2,23719463038,0.970465532579255,0.0130731816602254,1.62048717255864,0.717501772937599
22927657917240.8,24516477402,0.960537748399011,0.0153802702425331,3.14007410406535,1.22509181499046
22899217163053.8,24549197390,0.964713156652395,0.0147130769317423,5.46616670504623,2.28175467150162
23046577712628.2,23370260294,0.804011275140668,0.137386315186041,0.224796233925963,0.157688984137617
23024612651718.2,23666202684,0.955140942903986,0.0268436647547544,1.14493150230484,0.685609859822223
23016707980962.2,23690926832,0.950924927572342,0.0231816520505226,1.11800843860994,0.528579393091072
22976241528670.8,23919321788,0.968895565260111,0.0186128093957254,2.0961115686669,1.25509601840142
23045012718398.2,23321458088,0.959336577200191,0.0219145132329702,0.0601627350245831,0.0324519806773539
23045027122239.2,23302250720,0.877652927821514,0.0640326820477912,0.36720569010838,0.192327891442378
23044059826513.8,23340179278,0.920278562091004,0.038145890202304,0.375861644468011,0.180001242956095
23047240207330.2,23264969978,0.813544711793027,0.111785003066294,0.0768233024232608,0.0460915632994641
23046894557379.8,23274394736,0.811973220118656,0.112190278251524,0.11157569161259,0.0666190444481621
23033833681443.2,23478938610,0.919915850807467,0.0437934810470517,0.621472595925981,0.340096786155947
23029144956992.8,23572541038,0.940396183453994,0.0312244023677437,1.40105231853285,0.734524503754064
23037234149115.2,23499908992,0.937452997192327,0.0318601150915945,0.877406911283142,0.447281018383244
23002022540829.8,23347591024,0.960437781921955,0.0226915192883358,1.21896326123102,0.698903785399392
22653228597039.2,31213587766,0.912689757964969,0.0352422523045457,31.9064923914992,12.8916364138498
21151450688065.2,38855235482,0.965752291085088,0.0155547884532115,36.4733362889313,16.5800953290499
22574234589242.8,25733452684,0.97414006382263,0.0110951331336022,4.37323385969016,1.87794614966319
23047909914867.2,23236510878,0.250869421256568,0.51353917669237,0.00367681597808939,0.00252217758078029
23047957921915.2,23217331332,-2.08297337264869e-07,1.04906918195431e-10,0.00100024360519781,5.03762811313903e-07
23047957921915.2,23217331332,-2.08297337264869e-07,1.04906918195404e-10,0.000303697454472805,1.52954223010349e-07
23039742062101.8,23385965348,0.922579522777677,0.0470247390062964,0.365014787344005,0.221850260185032
23047957921915.2,23217331332,-2.08297337264869e-07,1.04906918195245e-10,0.00145016575997234,7.30361660218268e-07
23047957921915.2,23217331332,-2.08297337264869e-07,1.04906918195404e-10,0.00912508785016779,4.59576035777634e-06
23047900313005.8,23226901756,0.394127140820776,0.406512661743261,0.00652709910828283,0.00438203424607509
23047926717092.8,23226916272,0.249012413030151,0.354197903667721,0.00483345163360951,0.00228184686704598
23047941119461.8,23217321660,0.124984613252734,0.499940119462098,0.012133220009839,0.00693659040368699
23047941119464.8,23217321660,0.124999635469991,0.500000208431268,0.00317578411170443,0.00181585245174588
23039506854220.2,23731486850,0.899401725966286,0.0954327817882066,0.464484603384366,0.438999292463979
23026565681006.2,24195108414,0.878474717444326,0.0661015312510476,1.13079913203783,0.615585995879779
22970415608614.8,24472349150,0.954403507088097,0.0201287957545312,2.48139392753321,1.09656654318899
23017242920830.8,23787118322,0.9536078603628,0.0284804741950938,1.27869079857718,0.785532079937253
23011807530238.8,23918657022,0.952802828232981,0.0243915153184006,0.934399854155728,0.483355021675666
23041316474702.8,23453994606,0.914183550326765,0.0448897023295159,0.40321125885222,0.211094832291769
23044539880446.2,23714810660,0.802686069667611,0.197284193080618,0.997837665803809,0.997879047363082
23033814481628.8,23392551052,0.940517006401791,0.0384703080042587,0.333952140038346,0.216105898722409
22820602482002.8,26016519636,0.952102589360673,0.0208154053593751,9.08709605334408,3.95279935164671
21104402460456.8,29231188108,0.974380473473829,0.0122502135690171,18.884014508181,9.03678489021954
23047909914867.2,23236510878,0.243564339241007,0.433717122175531,0.0200541259349164,0.0115082077596472
22784867460425.2,30158309078,0.939844757538568,0.0252127647044339,11.2087602458608,4.70324716800915
23046880154326.8,23283989114,0.872002801826295,0.0860223959459728,0.118534405757238,0.0797131947670264
23039274076287.8,23491339652,0.897548699604384,0.038674263171284,1.41349311706369,0.534150443509644
23030241507998.8,23553943824,0.946554343555594,0.0218565259093182,0.319659909439481,0.130879268219327
23039494844672.2,23318694376,0.962265644508869,0.0221825345279766,0.410420185687969,0.234780870231309
23044566269579.8,23302022608,0.909767264369831,0.0410200260356539,0.266422171525017,0.121230680497654
20488043758048.8,33373260674,0.977054376652713,0.0118986121230302,40.2499979679858,20.8873836784228
23022367082059.2,23876248818,0.939941163513983,0.0326856511077134,0.276175869724177,0.150426513270493
23039610064388.8,23491536566,0.845339902122577,0.100646256573963,0.152305772587059,0.0991755368733614
23046222460652.8,23322045904,0.875793582159394,0.0950659557900799,0.224520808871521,0.171948173359383
22899061827267.2,25419919788,0.943458963226058,0.0255991864004657,9.05191007478465,4.10184310586226
23047957921915.2,23217331332,-2.08297337264869e-07,1.04906918195325e-10,0.0120395835860961,6.06361734567865e-06
23047924317014.8,23217311988,0.166701109724259,0.666806937556071,0.0628849790138754,0.0503407276628995
22558581275672.8,26788908862,0.966252664324226,0.0135684448772616,17.0073093829297,6.84477186628856
23043531788473.8,23339897268,0.870991841986209,0.0775308855077285,0.451349376216453,0.271431775030594
23041388475574.8,23559602390,0.880869126271513,0.0792110553232274,1.06955208554029,0.711722874920276
23027227846940.2,23571529046,0.954045480727214,0.0296203825615452,0.736134973819259,0.474774984823778
23036888587893.8,23739654790,0.881329016991573,0.0831170089783204,0.991499694006682,0.694872440233302
23016830343074.2,23892481232,0.927226755773027,0.032463069603355,1.11910490265623,0.499676543315144
23040296460282.8,23415031630,0.925744958219143,0.0542974868059841,0.464438320639657,0.339793756157499
23033058593053.2,23478581598,0.942407080309801,0.0329808670627999,0.636887937552309,0.364957378446033
23035928619833.2,23201631488,0.962540037977783,0.015290062474457,0.104750754259995,0.0416380869393019
23046052043382.8,23369992552,0.884223092814634,0.0932223563452513,0.405800609873007,0.326930487020157
23045437564751.8,23350463714,0.883605233132447,0.074551957263348,0.289619972103382,0.185638208788351
22210433783729.2,35365246688,0.935799575163862,0.026868512465351,44.6000566383618,18.6835725306363
22968536964937.2,25401083302,0.922395066319816,0.0333527810873837,3.70697333204532,1.59499120680024
23045089523803.2,23359867964,0.8159602334946,0.148418639705613,0.339329470526433,0.27370914613947
23047957921915.2,23217331332,-2.08297337264869e-07,1.04906918195431e-10,0.00504079451182571,2.53874636272407e-06
23045771205592.8,23293035198,0.898340142226637,0.0620243129168485,0.304579867497136,0.185953252518931
23023252341244.8,23867035554,0.920869635396694,0.0374244719574275,0.904043069373135,0.427957775945831
22950738402986.8,24471315972,0.962417071534718,0.0186584013368213,2.41626956401193,1.20060235922377
23044338254898.2,23359517650,0.89497630807713,0.0691843702394652,0.0804304934794161,0.0530189920950761
20655507433993.8,39356071852,0.970490385289731,0.0136642460210072,15.4569917786923,7.13711079424813
22723521300561.8,28458916474,0.955112249079343,0.0173330036567533,7.2261391364406,2.79379821295719
22994853128622.2,24274292602,0.921212705077831,0.033929621702545,1.87483256466143,0.808142418531924
23047957921915.2,23217331332,-2.08297337264869e-07,1.04906918195484e-10,0.0019834068322977,9.98923258919721e-07
23047957921915.2,23217331332,-2.08297337264869e-07,1.04906918195431e-10,0.000843604040202236,4.24872841695467e-07
23044448665586.8,23484398332,0.890599900247465,0.0920839806507671,0.129942533846614,0.109435680135994
23047957921915.2,23217331332,-2.08297337264869e-07,1.04906918195484e-10,0.010933108361021,5.50635202837407e-06
23047924317447.8,23236520558,0.166222247077782,0.664891481536745,0.0586899310099219,0.046822012514639
23047866708797.2,23255695228,0.317658137481695,0.612097640017118,0.0454727554956403,0.0408080778058368
23047883511007.8,23246100632,0.379339711269285,0.501501226706189,0.0172315781455886,0.0139303761482773
23042334109408.2,23348897574,0.908883572952453,0.0373678648158009,0.282863355258258,0.116121474130012
23038868471566.2,23452748704,0.926045603286564,0.0336220989057419,0.444480867450104,0.202292169258455
23026407291786.8,23676759020,0.952501470482447,0.0210883909046873,0.583648024421883,0.259401960234046
23033569711427.8,23392448690,0.944684213142165,0.0235171960460674,0.385689627306032,0.164128825570125
23012083481437.2,27305173496,0.883495456969201,0.13569910856438,4.08345362603978,4.75713883905971
23039154082487.2,23932782018,0.868058645333916,0.0901528164711263,0.518818142967412,0.354725261446706
23047840302323.8,23226872730,0.580479368711131,0.115353529783915,0.0296127515964519,0.00815546253421222
23047278615717.8,23226577614,0.7265981017731,0.227152122621243,0.0830198516336969,0.0690023287421603
23043450190037.2,23560652528,0.857304801906571,0.0937485419704898,0.323491654334316,0.212670060734185
22845737505537.8,31011401294,0.924295106385556,0.0380295942892611,8.15898665627774,4.10198513069695
21709206243902.8,41974199464,0.943833786498167,0.0219671911770519,29.2293895025838,11.4443509459829
23046839350201.2,23360792486,0.783923845019205,0.156762216928457,0.0162998723390774,0.0118331035106962
22304732268636.8,28746426378,0.968400973857855,0.0126279837638384,2.6960823582254,1.07754727041348
23047172998469.8,23284149168,0.828649191377661,0.0809420069668749,0.0540784876985149,0.0255719299870235
23047485046946.2,23265105660,0.752297695073651,0.115210010250684,0.0328682838428746,0.0153023646183656
23047957921915.2,23217331332,-2.08297337264869e-07,1.04906918195298e-10,0.0220378536921967,1.10991473213258e-05
23046844142701.8,23255176920,0.886256317378548,0.131947926458356,0.0464595447839387,0.0512270673948022
23039199663525.2,23414509792,0.932720621960319,0.0322973081754468,0.347425727505489,0.166955251420875
23035772658421.8,23412768446,0.949470323255477,0.0225196065408645,0.26893883992794,0.119967312788601
23044266247703.2,23445881258,0.89797170215964,0.0715405711967924,0.425056505447688,0.298259200292504
21500545445208.8,38785769682,0.957773261555435,0.0184041522553389,42.4313811891036,18.5126154821959
23040075654027.2,23414978020,0.928146839554474,0.02815239366609,0.338149462157168,0.13264798889147
23037992504166.8,23471508550,0.920324425917532,0.0350701021454518,0.712382971826413,0.313889956578604
23029041763019.8,23351742004,0.944565254807065,0.0241988762445031,0.66539531611434,0.289858696638637
23041038070014.8,23597851900,0.919400579016463,0.0576471492634535,0.731018385719162,0.523201063577787
23047957921915.2,23217331332,-2.08297337264869e-07,1.04906918195325e-10,0.0173370003639784,8.73160897777586e-06
23028468330582.8,24032825682,0.927565146654928,0.049326932525801,1.47912777356018,1.00745583605744
23047957921915.2,23217331332,-2.08297337264869e-07,1.04906918195351e-10,0.0043342500909946,2.18290224444397e-06
23043274970075.8,23493311650,0.842226010505119,0.151078490618197,0.928539177605576,0.889542436686276
23034536804372.8,24285545276,0.88208519567985,0.125455395443139,0.996515361526159,1.06045006698294
22967935450161.8,24624296878,0.949195399206428,0.0224279275375401,2.21471690679827,0.978616126115348
23032770643244.2,23603210634,0.928476955410707,0.0344319500510823,0.938427429816587,0.452161157504551
23008502487606.2,23840213670,0.936403907115105,0.0304973059514143,1.68232471558376,0.807571649260431
23041258873316.8,23377137204,0.878843552677107,0.0585799311199861,0.300977743520929,0.145649291022585
23029912773651.2,23496163586,0.948903284507235,0.0262938564149029,0.658839028917569,0.339300899958383
23010615470142.2,23860424730,0.96242920518395,0.0236774088685544,1.12828950742787,0.711546540098509
22987142841942.8,23464655332,0.977839620959412,0.0137271817315795,0.715154549752779,0.442657087607104
23046582511983.2,23322259660,0.829943369209385,0.105305992096906,0.102994607212354,0.0638247075449689
23047643471822.2,23265183198,0.718407183546404,0.193905881942811,0.0391060297620081,0.0269461886418758
23004646100658.2,24336784880,0.932681168984892,0.0436272918389028,1.77831734761192,1.15322089251426
23047957921915.2,23217331332,-2.08297337264869e-07,1.04906918195351e-10,0.0100086849707944,5.04077531937423e-06
23037999713177.2,23682634818,0.909799347694468,0.055199786871974,0.59379718503623,0.363650611403112
23046654522201.8,23303095328,0.853771926817662,0.0689634153899216,0.174473476044354,0.0823602290200156
23044604688385.2,23609308918,0.87673703936465,0.131775358075295,0.274385038414328,0.293435843841073
22999775674991.8,23595874976,0.96075338646366,0.0160697465246563,0.592348028820242,0.24225813198065
23043190959047.8,23368527344,0.912781055240289,0.0535538775331281,0.148068924651618,0.0909728960940837
23032285911462.8,23583772636,0.965886110646033,0.018804563282251,0.247625592774498,0.136615091027203
22996526630981.8,23853283148,0.954009477559436,0.0221818823546525,0.697719189442439,0.336260487747439
23043325368955.8,23445368470,0.909825518459276,0.0695966261585507,0.339380718065619,0.262089498976373
23034759966139.2,23498640792,0.937052442550643,0.0360058257130166,0.51548323967915,0.295074001281732
23043711799678.8,23388016458,0.915857532029558,0.0473604105573542,0.228199196870039,0.128545420718519
23045727999463.2,23254600480,0.906863978797265,0.0579659610826784,0.160184688519294,0.0997576523283955
22167415342925.2,35087332872,0.945899350257759,0.0213047901535978,34.2145200803882,13.489784712819
22977511856153.8,25070613566,0.933046981208403,0.0387141584560224,2.4700354933548,1.42935610055057
23039547670016.2,23606722180,0.843610450173166,0.127659056625153,0.556589605892569,0.454580466089452
23046380891949.8,23418177958,0.759258208959389,0.168154508705082,0.439170948009848,0.306941902105021
23025162076372.2,23704881578,0.932422658257278,0.0374822286482158,1.15185220795155,0.639412995975659
23042898143960.2,23406799118,0.893422379579607,0.0558997983485635,0.32129001796748,0.16867250750797
22936134045674.8,25105318974,0.940049911620673,0.024664236869099,3.98602493042622,1.64147507446394
23014541941572.2,23843339240,0.947737637272484,0.0210431171128819,1.0909472649875,0.439708197655297
23031978766547.2,23516437674,0.946273864047749,0.0185406742753184,0.785505380534681,0.271451197083851
22776886976367.2,26440280362,0.95019770648293,0.0210811231417521,10.6557083924461,4.51481862955522
23022578188700.8,23684334692,0.955525390320221,0.0245358728756203,1.14840840303469,0.634015909536574
23009941506844.2,23706594236,0.967832922484956,0.0199231608418906,0.667679292589768,0.41381205465992
23016072314468.2,23872877660,0.945251476149597,0.0232728044879539,0.911417779998183,0.387874666640837
22616680685861.2,28677897982,0.964818799895538,0.0189907455229449,5.25511294394099,2.83885465543111
23047228206016.2,23284163706,0.747239255798429,0.144733285381883,0.0237810846765303,0.0136272640532392
23047679478360.2,23265202586,0.708576523036606,0.200472280134033,0.0185485896543632,0.0127675069436654
23037954094805.8,23490722822,0.976644003575463,0.0158359872882317,0.163631944013669,0.110805472800292
23046709724388.8,23303114730,0.908508693933639,0.0922889666579939,0.0779377099492314,0.0730453966118824
23040553251844.8,23424819838,0.941090535389906,0.0317046766907214,0.294136797541407,0.158051956153484
23036890967456.8,23518941540,0.944464182636265,0.0278093527329256,0.636162013460298,0.31885966084753
23046311276632.2,23331722730,0.893295064454904,0.0886219629696651,0.134177607467215,0.11149669527924
23046148053931.8,23302828348,0.884163661704898,0.0556477413850869,0.161318755522367,0.0775748360585128
23044259044506.2,23292254038,0.922887480992805,0.0476333453583873,0.199175134396772,0.123116110206099
23002840306153.8,23798906102,0.94766520494562,0.0195071801950648,2.17959586456682,0.813309017200496
23037366136730.8,23595993788,0.913792658841099,0.0825992834010044,0.394086896021789,0.37530730019307
23036497398381.2,23432328266,0.906427434413013,0.0335923988069868,0.589109648450245,0.211727897705819
22708994641581.2,25324015132,0.971247266568732,0.0109494211938586,2.2228638218314,0.846929063385284
23045041522695.2,23302255588,0.862705732970982,0.0881291309840001,0.139383512581534,0.0895199287025487
23040601258673.8,23309606156,0.916512715420426,0.0480573813910925,0.634634124116172,0.365552551100462
23038395669878.2,23567595324,0.915037182993539,0.108813942060144,0.238046766614401,0.303762919997583
23047000172772.2,23341652450,0.797499057840823,0.18088775116331,0.0410076390865773,0.0366378942148829
23046258468896.8,23302886600,0.902610066218511,0.0526337510289997,0.0881187622582701,0.0476657415789641
23029821596850.8,23544142578,0.937161136040427,0.0314511881352718,0.498299421219492,0.249639750737152
23040714060410.2,23568861640,0.915437690760195,0.0495090205162086,0.333206095869214,0.195261829399354
23000533417678.8,23884040810,0.96259053213244,0.0232284344492546,1.38495316383771,0.860601991440074
23045211938782.2,23331129818,0.893986291509813,0.0918272514786342,0.434241522775542,0.376332551164319
23045108727704.8,23292705268,0.888872466512555,0.0582642330665468,0.242781787565575,0.127389264481734
23034030469017.8,23690262786,0.926377942861596,0.0428220242100041,0.874512080780112,0.509049311893888
23046704930180.2,23370318712,0.81925473523976,0.13346605947762,0.173250770061288,0.128014617950491
23046644920823.8,23303090464,0.845374201657047,0.0718258035623729,0.176028448322058,0.081844545640553
23042886145528.2,23397190982,0.90424284867018,0.0400779112725642,0.126829596723234,0.0531343294082063
22963210263608.8,24276799078,0.950292190016451,0.0207602228160924,2.94219556993717,1.23018051604949
23043651791428.8,23349568820,0.928455949067453,0.036249496231346,0.44734455395321,0.226854892667084
22950146786102.2,24653189936,0.96994921353841,0.0145788011436735,1.64795613458687,0.800246379669552
23023168362757.8,23655892728,0.954064108680167,0.0180726738290609,0.516107913848658,0.203299596268619
23039614865952.2,23539518650,0.914279894115949,0.0518249232869419,0.340329098227816,0.20592682549538
23044623878940.2,23321263762,0.877859042539045,0.043999219891766,0.318912116092155,0.115036761813152
23047362629556.8,23313058692,0.758077725018064,0.196093383166225,0.104245423544015,0.0845343258010428
22414488163375.8,35290837196,0.94306421265011,0.0273490452762458,15.2600556132327,7.33737885199418
23046798540140.8,23245548642,0.878833070397492,0.0532372919871779,0.0791206714280512,0.0347945457284046
23006984383366.2,24088870274,0.948060123242564,0.0210048834790791,0.953805844007903,0.386178651468252
23003156851508.2,23645581492,0.961321332582463,0.020307970562529,1.79415618882955,0.942701989540313
23047941119678.2,23226925948,0.124174255877396,0.496698684596162,0.0141463319227394,0.00802829545701053
23047957921915.2,23217331332,-2.08297337264869e-07,1.0490691819551e-10,0.00187009310442856,9.41853919195516e-07
23046047240710.2,23331596368,0.812464217590607,0.115902379260043,0.0239675423217943,0.0148232712880297
23018178462475.2,23749256750,0.94780870399638,0.0188355133224768,0.870623189967221,0.314560957626971
23007538362544.8,24031616760,0.947986486006153,0.0248344604092081,1.13152334820531,0.540772307708848
23029924793067.2,23870541814,0.927029025445462,0.0435357766340475,0.934134193808921,0.557734992516127
23044988717303.8,23331052054,0.909493398308496,0.0482707363887586,0.0920046495400738,0.0491118979504363
23020805292276.2,23702653084,0.938770343715256,0.0245299081973113,1.5966819116247,0.640419552468578
22965584737471.8,23952072260,0.966587488886249,0.0168285139099366,2.91629169695948,1.47002563609651
23039725263928.2,23539563104,0.931582244056132,0.0481096503926376,0.760129468343882,0.534888696082644
23043514981889.2,23387884926,0.919729067690686,0.0485861211715276,0.205182682163636,0.124295914521996
22934809810961.8,24731061094,0.968278270258445,0.0150093751809435,3.18026145496834,1.50602834886108
23033178582244.8,23565032536,0.929489033574795,0.0328390921826645,0.264130038349843,0.123140135763218
23046032835460.2,23225948670,0.887029658278087,0.0685294234956838,0.149531377232731,0.0907650404239743
23026102579712.2,23532609248,0.962993081957514,0.0211254642329285,0.530215291372809,0.302886463951716
22924622392175.8,25549141466,0.927773914148341,0.0309890725039577,5.7060759172901,2.45060360244688
22840088056734.2,28493692400,0.909158028548014,0.0338531092771089,5.8856832209482,2.19575377692786
23042950941079.8,23397176350,0.908768308277745,0.0711093523099093,0.439449926392944,0.342720008329806
23044021408858.2,23311373682,0.935300263855841,0.0408076992795471,0.0842613550718013,0.050221697389914
23028189980516.8,23639261010,0.945747206795432,0.0310008139526867,0.609669306253645,0.348232539469234
23046623316225.8,23341453106,0.837227185657281,0.154591726981607,0.185037378569519,0.17577238719678
23015784450208.8,23556125398,0.96535090783215,0.0144547467623173,0.920022213943599,0.384180404932127
22997277166625.2,24026234116,0.953361934965258,0.0197899368905616,2.40770677633159,1.02280308634096
23039010067185.8,23424024370,0.924992843843926,0.034101803801022,0.608761130866475,0.277028213572854
23012126557716.8,24168265796,0.939762085183998,0.0290056395646697,1.6731328759046,0.806468773359947
23028950619782.8,23543677310,0.966613827818528,0.0148978375649386,0.861615970624356,0.384829906982669
23046815344150.8,23255157548,0.852701894520293,0.0646487869958235,0.199560981587425,0.0876694640999283
23047117788171.2,23284115208,0.845036728206785,0.0959428317616791,0.0888274374229617,0.0550417613390887
23033920070149.8,23574996696,0.947195046674025,0.0316133765187194,0.668203121579878,0.400384388859202
23020802902273.8,23750632384,0.955701310109299,0.0215699780239961,0.825112138179685,0.402102153866937
23046647324007.2,23303071308,0.875656934026058,0.0999477457302695,0.343396880335689,0.276174385057196
23046203261443.2,23293248686,0.885317893598888,0.0884191798356406,0.284288036273427,0.219296492965279
23044364651014.2,23244304270,0.88995534298959,0.0872016898961359,0.120775278802016,0.0957546686170864
23014074189490.8,23727957824,0.958574951771472,0.0201074427950749,1.12650335252,0.547255860653535
23023223548899.8,23780657310,0.942283936020117,0.0235318880889211,0.922226570063806,0.376378387937211
23000631782004.8,23816895060,0.93639636379578,0.0329807277731841,2.35877671354726,1.22403511093186
23021774485325.2,23578407452,0.965371728582879,0.0144530355126651,1.02690869119536,0.429102292635055
23046760137570.8,23312747890,0.866669212337937,0.0854857329602602,0.242561673870351,0.155627065536367
23046544106102.8,23341428796,0.865747774972437,0.0941503339626907,0.208894196228699,0.14660724842006
23044129425322.8,23234584584,0.933207085285972,0.0376496417961129,0.0654196926734896,0.0361928811540985
23028470721384.2,23591426900,0.957807938786925,0.0212398055062409,0.319648222841483,0.161064536760019
23027707740822.2,23859792812,0.952536063372129,0.0226368391745966,0.237156750718412,0.113219893921149
23029192948733.2,23514923798,0.937543925806028,0.0438237423059333,0.527252416607608,0.370144423868983
23044367053566.2,23340305728,0.864467329744647,0.117066645946433,0.0444247545047861,0.038391439351728
22903450010492.8,24493979886,0.967123379442527,0.0140616020805617,2.59825473826896,1.11232415756141
23047909914867.2,23236510878,0.247965912150058,0.503758657923101,0.0202994269908216,0.0136070942845856
23044760692495.2,23350132948,0.937235865555349,0.0280940489408379,0.216520061480017,0.0970039277745064
23029459292783.2,23745511094,0.942669552839749,0.0328457473982862,0.320602527368382,0.183832022323662
23038784472743.2,23433514712,0.924340573510224,0.034652667315491,0.184889436827763,0.0847668571336996
23013225074606.8,23593178224,0.959477127448119,0.0207703508778825,0.790469855056248,0.405477792795819
23040351660756.2,23415070692,0.927614463956766,0.0458554270489892,0.229544970317363,0.14550662573571
22995356552028.2,23833394774,0.970303105998493,0.0125827735422532,1.65739613803479,0.703016997920314
23037394939529.2,23499987232,0.921287369636491,0.0366586676132196,0.668200914151868,0.311468152748605
23028943396569.2,23534090030,0.951619697025842,0.0255930729356386,0.707529369739114,0.374626865183118
23025845865750.8,23686057610,0.937752291844195,0.024871613834597,0.644800746529693,0.25794199308236
23007173828734.8,23973825348,0.94572724154128,0.0242015031998519,1.74599237938481,0.779281108745918
23041263675100.8,23444342846,0.956655965211228,0.0311964007238972,0.157471956171313,0.113414446657287
23047941119461.8,23217321660,0.12483537808528,0.499343177797447,0.00443934857106315,0.00253452592108609
23042019702293.8,23463920146,0.880380711712986,0.0506854456084409,0.231616731569475,0.0982345368198835
23047957921915.2,23217331332,-2.08297337264869e-07,1.04906918195378e-10,0.00476959143519773,2.40215761213372e-06
23045031921063.2,23311859276,0.89199367248233,0.0521913366180935,0.376234500920289,0.181959529697846
23029044191237.8,23860453732,0.93224780722752,0.0331108383186577,0.834473812399854,0.408218922368093
23031602042168.8,23535404274,0.94297933689007,0.0291738661872636,1.03261151064844,0.528716663455493
23002135265007.8,23606677848,0.968976567786002,0.0174961333857666,1.34401140670821,0.75849640112603
22949480876365.8,24106548710,0.967388567086488,0.0191554540389011,2.61009537990236,1.53410045344403
23038916447068.2,23059123174,0.942146811014179,0.0305738229469238,0.189100287539536,0.0974042683486451
23043745402344.2,23339994546,0.8794733332606,0.060813486493706,0.332373369186633,0.167837097754208
23047427438626.8,23284275268,0.741886704255814,0.130125788922554,0.0463294309972176,0.0233784203986852
23045809609440.2,23350648562,0.919780598623632,0.0743453727870771,0.0736418505271685,0.0682625897706745
23039684451470.2,23491520678,0.913932472038158,0.0599357332837641,0.138835448489372,0.0967016894700326
23044357455841.2,23359507894,0.898769567957146,0.0727933892049797,0.138047483692873,0.0993233260165978
23027592556301.8,23686936090,0.932871244020689,0.027200987105112,0.957748236900153,0.388471289466492
23036279030538.2,23509001782,0.898009327660027,0.0571890217458181,0.145838689072754,0.0818321888398698
23028823442138.2,23697163724,0.928386303341137,0.0324642178426995,0.980492547594724,0.444889103143512
23027297417527.8,23331652166,0.924719829469407,0.025465511301037,0.273151729364806,0.0904767138116276
23038088506607.2,23548336360,0.921969576752681,0.0453318982691285,0.242516204607753,0.141008976149001
23040272441209.2,23443878866,0.928395090341326,0.0487984284655448,0.505874156012911,0.34071151931551
23044916707289.8,23321414396,0.877894186201011,0.0369578745408765,0.288139333074499,0.0873531665948087
23043661392859.8,23579947794,0.923742667191193,0.110707010879172,0.390563182424837,0.56711440018501
22926388986281.2,24582868194,0.975120165452595,0.0133938053125862,2.25700510631852,1.21611706951737
22932082507006.2,24854234818,0.974970755111585,0.011344027703672,2.01703502961413,0.915107634799446
22997862197754.8,23853859454,0.960991409043013,0.0184946073936355,2.0053705324747,0.951580286760433
22781072424489.8,25526227106,0.97599614206521,0.0129320992756529,4.01086424652348,2.16252914829328
23047957921915.2,23217331332,-2.08297337264869e-07,1.04906918195431e-10,0.00851894272498544,4.29048135300314e-06
23035818263948.2,23585590548,0.934246496568489,0.0329676395697814,0.971163283632416,0.48739332515618
23045132735010.8,23379143558,0.90647590001835,0.0545559210354075,0.301355422406443,0.175919372218631
23013390526958.2,22892773576,0.953950892308915,0.0253659450864195,0.603640355617798,0.330395576190459
23032132353271.2,23670108096,0.920000330332138,0.0315694077586266,1.16605037992804,0.460692407527989
23043601385506.8,23349534678,0.956531538132935,0.0288364683500518,0.210122299102014,0.139486217155248
23019392318159.2,23893806632,0.956887026151864,0.0238466957390699,1.5760405136435,0.872408209829655
23045715998175.8,23244986952,0.823228628965965,0.114911147592936,0.178845600931024,0.116324347261345
23031666824867.8,23545015080,0.947119800531203,0.0304190235869446,0.62936542911134,0.362300220230711
23046884956790.2,23303206966,0.8672310351078,0.0796780511853896,0.151795769305921,0.0911641807293755
22959958986159.2,23862912812,0.975157742862151,0.0138427189952923,1.66665227427832,0.929354081320726
23022074388602.2,23760839880,0.947120800608423,0.0295588430100918,0.874905795450412,0.489398742851806
23027738906510.2,23543048514,0.954747197212824,0.0231726153831041,0.324701837811499,0.166401453749956
22962000340649.2,24467754814,0.959035073136162,0.019656668591823,1.6620525907969,0.798027219108938
23012330445575.8,23976514768,0.923225743503692,0.0306905732836334,1.64457392669236,0.658078335116359
23047098587627.2,23293714486,0.774544494032316,0.114300674069361,0.0253939203402063,0.0128858849099117
23004413437404.8,24241002416,0.947791876762796,0.0395472617435567,0.702235622394551,0.530233318511884
23018814163206.8,23778353936,0.952813907370426,0.0245562953732907,0.693737844568122,0.361376273622175
23039137263595.2,23510466108,0.952079599971099,0.0321023654663019,0.302835070164002,0.203026422124462
23026150559620.8,23791734116,0.947727466669825,0.0276099139420307,0.680718183388784,0.359855825809178
23043750200850.2,23330400798,0.890979096487345,0.0706028521774331,0.205715146770354,0.133302558038767
23003449414952.8,23952735662,0.963701702557031,0.0177794924678376,0.836703184573261,0.41020138932832
23019716151710.2,23519744748,0.9611030303374,0.0214258773109144,0.750205738187145,0.41352826802722
23037670928443.8,23644137338,0.921470696672333,0.0417594598414716,0.515609540736766,0.274431632230806
23044532668667.2,23321210290,0.909642563714439,0.0411685479264152,0.071798142369943,0.0327424325707063
23041477283070.8,23559675984,0.884618568605003,0.0625693629484935,0.364243659263299,0.19770194064017
22982578751834.2,23769218900,0.974476065753919,0.0149286419574185,1.58470049048728,0.92751918049835
22930571596942.2,23608226394,0.980859370103036,0.0108645156442063,1.23976334983846,0.703912683399739
23008320234899.8,24032019958,0.946136434025733,0.0245999078719203,2.4835537310299,1.13538953870622
23033665709680.2,23555631818,0.913356751888784,0.0461677161139803,1.1116577467813,0.59280438527699
23034570412706.8,24535083766,0.871167675120657,0.133979026373386,1.71983964849998,1.78889562537893
23043361371111.8,23685353444,0.852916062397387,0.188084386907674,0.743100743378889,0.950442212374447
23015520617053.8,23958947556,0.96464685288016,0.016675986096338,1.07325134278957,0.506766186027649
23047924316021.8,23217311988,0.16998339745079,0.344207046607837,0.0436403959468894,0.0181161087720582
23047449038919.8,23245873058,0.755454645664576,0.0908434192726907,0.106252880534657,0.0395149943527165
23002228893141.8,24479394598,0.891642454890414,0.0522601975943998,3.53363506238198,1.70561863327632
22986668373346.8,26053148734,0.902545915659191,0.0638162837742234,4.56415290490263,2.99076903480949
23047957921915.2,23217331332,-2.08297337264869e-07,1.04906918195404e-10,0.01232453428412,6.20712994998419e-06
23047588262500.8,23226742108,0.677184285706953,0.167257479613715,0.0764327763761603,0.0396303024441432
23047957921915.2,23217331332,-2.08297337264869e-07,1.04906918195378e-10,0.00725874409702902,3.6557947623219e-06
23045999243276.2,23273905062,0.768944237649629,0.235355614440836,0.275769616297554,0.280989415272909
23026198554765.2,23599822556,0.945319962155848,0.0264943786869627,0.565530551117065,0.274241133139663
23046820148291.2,23389580394,0.798956842551468,0.185536316753808,0.174942609649425,0.161533336837643
23035676672480.2,23585517290,0.923260015103415,0.0362259754222125,0.289550318289102,0.136829218546867
23001046584277.8,23711657486,0.966227101502041,0.0167751526545457,1.19337714122977,0.593223808070296
23020586980904.8,23577758118,0.945822539598871,0.0239461785465783,0.659283474206042,0.291666131829669
22998941238816.2,23624264476,0.970124693905467,0.0139399687659473,0.269925688968911,0.126057593530043
23046544111871.2,23447058318,0.831105736396069,0.196622656334542,0.0476664530607263,0.0555099779246772
23031527646021.8,23545020180,0.925734596407145,0.0353320851941419,0.296969512820291,0.134223921960705
23043466970817.8,23339902122,0.942213049245893,0.0308562059997227,0.241004165877557,0.127925174454204
23028588285593.8,23514708344,0.956217220760753,0.0162886993368939,0.566290228381466,0.210950519457823
23020788495374.2,23645046808,0.947347710012867,0.0205276074810606,0.95269506903261,0.371890534275587
23043106959820.2,23416499906,0.881227821079358,0.0481922607278612,0.321406955199372,0.130547292644451
23000593381294.2,24018377866,0.969790250717629,0.0145620493302223,1.07848500069664,0.520383434038804
22988408661597.8,23973654224,0.965133053477176,0.0153454383974528,0.780250831464934,0.343710122932393
22943428370128.8,24113049880,0.965884650675779,0.0139332644879764,2.31034227343605,0.944657839714146
23042434918552.2,23406560214,0.910863531767691,0.0391085185401703,0.375664608504946,0.16500335390425
23041590081204.2,23434935184,0.912013012615043,0.0370993814080224,0.426724115108211,0.180126395537074
22989226125483.8,23954888390,0.96910982040682,0.0179355216160031,1.94606963120745,1.13085770251315
23030263113918.2,23630694724,0.932558920679282,0.0377635076167598,0.635106192957716,0.355877485553785
23044431859643.2,23301959474,0.919531593665729,0.0343361662439273,0.239296533142687,0.102203581044585
23026644771033.8,23052965154,0.970103658011728,0.0141408477654003,0.401290490457934,0.184617337771575
22955828794339.2,24023744682,0.967759516681614,0.0139280262211142,2.26566510422282,0.97983323474502
22982250396359.8,24190979142,0.967087710636221,0.016367404924163,1.99678946522394,0.993842797690722
22996521841268.8,23805225270,0.96529975649009,0.0143392793067767,1.45184835728075,0.60054354993531
23027995642334.8,23600796038,0.948033726115109,0.0260707020823708,1.02350228649639,0.513935600720445
23046556112975.8,23379869184,0.791916488054926,0.185390838878917,0.340310073814334,0.30330958550121
23042096499398.2,23367972336,0.927512219475722,0.0366608517470242,0.406191179558354,0.205605673593908
23034162438512.8,23565537582,0.913574993798107,0.0378656882782515,0.795096438534438,0.348678928333717
23034145644759.8,23527122068,0.936044193395087,0.0348372923945457,0.602142931558384,0.328236783906111
23030318294050.8,23486778436,0.943510828870005,0.0270402319664957,0.408578993357968,0.195740991483547
22964930634607.2,24306366070,0.960237378050115,0.0216701971565559,2.07152940470145,1.12977308811295
22914240685054.2,24241253794,0.978509169794911,0.0103012207543959,1.64296726627339,0.788167370448774
23030575001412.2,23074136128,0.952816152692232,0.0241331901830067,0.242855264482152,0.123336071421414
22943500239378.8,23978922828,0.975820415641643,0.0137431402008188,1.14821168711058,0.653092264378422
22985764515430.2,23962630124,0.964942815910849,0.0203201591429962,2.15243484708548,1.24845587553277
23042070101633.8,23367957744,0.922801233578888,0.0507183336120798,0.321406071043085,0.211281796410336
23013011609304.8,23746563990,0.94966702260208,0.0275127872467272,0.995394807491052,0.544489791805994
23038808472819.2,23558267568,0.93002128797188,0.0434081183987534,0.417703746715473,0.259154577444981
22961245609448.8,24754966484,0.964741557422009,0.0190678224456855,1.58331710566034,0.856884489510013
23012366355839.2,23736745396,0.97198189047499,0.0186426446697788,0.467383373048898,0.30943031530334
23042211705618.8,23531215094,0.883926922806411,0.0861663533520708,0.61182827889417,0.454280969971229
23018142467188.8,23682055612,0.961495736610328,0.019285350259973,0.591213198401603,0.296416955007932
23047957921915.2,23217331332,-2.08297337264869e-07,1.04906918195325e-10,0.00937337822446929,4.72080935217181e-06
23028393939806.2,23629788636,0.953720816612891,0.0251007096117341,0.777089992862488,0.421836967671496
23039698861698.2,23683567498,0.928896903236908,0.063157614339218,0.246652897190268,0.219205280741822
23029123361677.2,23764509514,0.941735135864728,0.0318357964926442,0.653908753088155,0.357615303633573
23043034953826.2,23445275690,0.894297891243013,0.051344441311835,0.335433178450497,0.163093972626091
23017847424870.2,23739514280,0.949519066151878,0.0243731883208036,0.73164454474812,0.353598898833665
23024583877875.2,23982890752,0.906456114217573,0.0555449413757787,1.09782464239861,0.652391135781183
22957024247980.8,24637666720,0.95860087806285,0.0176706402530905,2.70554004286746,1.15594954865377
22970192712398.8,24222942380,0.962545793638205,0.0162603535138064,2.10565644740442,0.91517331027952
23029087357749.2,23466970854,0.95579440921007,0.0180070985261923,0.387457669488866,0.158023240729078
22996917504934.8,23958869324,0.96684183217115,0.0173307208011454,1.64599209876462,0.860987070284319
22992426734796.8,24052480534,0.949587700910648,0.0202879269075631,1.08207763512254,0.435906500931256
23016487300875.2,23853980480,0.956314255501818,0.0202953378423931,1.17917904902381,0.548378283128049
23040099654367.8,23366964706,0.921862951857177,0.0293886939440933,0.528061665298838,0.198831516710461
23027261445790.2,23648363102,0.937748302129457,0.0305348482928077,0.765213880995522,0.375655009090883
22879197461071.2,24500153258,0.968039608688425,0.0143037192128015,4.28396022945598,1.9189942852365
23047957921915.2,23217331332,-2.08297337264869e-07,1.04906918195431e-10,0.00693255053481749,3.49151059686643e-06
22949947913656.8,24020669156,0.978071360630639,0.0113660087312013,1.34127263550018,0.695771250264985
22892817294127.8,25110157398,0.961106826574043,0.0226890885767743,3.92500656094242,2.29174998218532
23038693275822.2,23385444060,0.936189439904173,0.0353869843046946,0.713531788930762,0.395978267817803
22992618499999.2,23851179460,0.968978667886812,0.0147766557172082,1.26601785562208,0.603553919075654
23040836462533.2,23444152320,0.924040836774294,0.050238327486409,0.415678912329979,0.27510906711396
23036286215774.8,23489807846,0.939928939395926,0.033155750317393,0.857180895537,0.473461378998767
23021582573126.8,23607060990,0.948069680886816,0.0260216003948831,1.66153877808717,0.833218705399364
23005339158899.2,23742624024,0.958918909228923,0.0206963652102805,1.51097980852985,0.761842522926746
23041743686031.2,23348591062,0.913082104310721,0.0446638810034277,0.430121722813494,0.221194302969125
23032782626328.8,23411207370,0.950979108640776,0.0358062648010173,0.449901424033989,0.328792141381707
22977408733306.8,24188449246,0.968980996818405,0.0153905552003063,1.21428135666776,0.603051161893059
23036406197328.8,23413090222,0.966866142929925,0.0149788624360395,0.183105537092868,0.0828510867550548
23009958315328.2,23917670432,0.944043764388968,0.0294794144331375,1.21745150944855,0.641892193662023
23019924863025.2,23500646242,0.953784676619568,0.0321775112390426,0.546754654696593,0.380884134530002
23031616441275.8,23535428658,0.924625461960911,0.0323373761106811,0.369106249364531,0.158508358530057
23026966322300.8,23456251556,0.949218511544551,0.0311661262201312,0.339080851750594,0.208238185941711
23011200698968.8,23956862534,0.964371054628321,0.0175832084075235,0.619425406790763,0.304694968166316
23047038570609.2,23236080116,0.903342624107786,0.0275122537690753,0.0605645098042384,0.0163822566815288
23038705263143.2,23491060564,0.951645890765366,0.0330870590757462,0.289219486462909,0.197650614007662
23036833364082.2,23480523782,0.944666389271652,0.0312653220315606,0.269682104107182,0.152212974534367
23033800056346.2,23584549472,0.957457033595566,0.0484276943921467,0.222817269646141,0.249229435822431
23038033296838.8,23385122656,0.943219227352033,0.0180020676360022,0.323810312822163,0.102822112629368
23046652121931.8,23447068074,0.668268111704419,0.394436618110939,0.217122350559585,0.258218274777956
23046834547346.2,23226355072,0.849423849598341,0.114392129508519,0.0800705678605227,0.0608576791353153
23037783719988.2,23480998336,0.920751726605225,0.0330955627438937,0.33617797884817,0.140552480598685
23039528459346.2,23443488198,0.94440313835098,0.0282434099917139,0.196637804666535,0.099983256862831
23022770110471.8,23713260554,0.953255118270496,0.0234004078548292,0.817219865233768,0.409497301175192
23019140408516.2,23672980158,0.953754048323515,0.0216481714671045,0.58834148735268,0.275656513498918
23046652121107.2,23245471184,0.875954372294406,0.069514234490518,0.164648370130349,0.0923301455136367
23031083739301.2,23631128096,0.943822951998019,0.0276183745287635,0.514510384436349,0.253159668438596
23044703087495.8,23292486942,0.902910187927196,0.0582943127746705,0.38769506855859,0.232927549260218
23037226945426.2,23499899152,0.931382880310016,0.0339887505372435,0.399369815536063,0.19802773019779
22991551616109.2,23908118450,0.957554396470163,0.0182000114033882,1.28876912425102,0.55324153125776
23026121769179.2,23542203590,0.962973692958408,0.0155015649951401,0.840892728574208,0.352394583460307
22946573106425.8,23779352726,0.973028292502805,0.0122856454218405,2.35317474449482,1.07279979448549
23044811099762.2,23321351216,0.908432870021345,0.0608861948808804,0.148765082201151,0.0989761924969517
23036941359112.8,23432557712,0.926088263166658,0.0297921524354091,0.416850396052665,0.168232900076124
23044071826119.2,23292147262,0.928301747610971,0.0572047865902402,0.383687512442233,0.306263559487272
23035405493225.8,23546972428,0.930935735490272,0.0343655610369179,1.0444723270163,0.520153621670022
23043085367278.8,23397276168,0.949887270262288,0.0271777781358528,0.461885379351771,0.25069539416105
23021155565848.2,23635657632,0.950637436008368,0.0234107067444913,1.66900205104957,0.792321457348513
23033480935655.2,23584386828,0.932693922941459,0.0280874407086462,0.974415557409843,0.407096037789256
23022227929180.2,23405778476,0.936263881247529,0.0480141207712664,1.22305382904448,0.919301338473478
23008468913125.2,23773001564,0.963988249774656,0.0200370805999666,1.45103109632362,0.807904349814665
23004977025975.2,23713694310,0.964364519739668,0.01477621857123,0.599361017651114,0.248766352036608
22984635407874.2,23779897346,0.970232590247477,0.0152254257528468,1.54100619004806,0.788791962217031
23003056129246.2,23837386514,0.950957772461487,0.0214366393063462,1.07304206963261,0.469477563376827
23045226348627.8,23379182516,0.798366853547252,0.0918515812068141,0.350930228795,0.160010925652462
23040066067774.2,23510965578,0.928156534536191,0.0322232933458898,0.475311002549073,0.213411207762443
23030133522481.2,23342691118,0.949039914394741,0.0278878949487282,0.387241054420884,0.212072178646653
23013059571401.8,23593099754,0.963987623733844,0.0137490996296499,0.565853657522405,0.216265618330858
23020186353087.2,23635157794,0.95347838651287,0.0193625713686918,1.53789943990065,0.640818238456268
23032871422019.2,23545696886,0.939763359422075,0.0275061234523636,0.613694505981779,0.280523424625584
22996423539592.8,23718858356,0.963397096277244,0.0149178481233255,1.66248053847666,0.678239416124938
23035302303449.8,23489342830,0.941823938639716,0.0307318574785678,0.506349869578886,0.267701211264635
23017468395252.2,23518578468,0.958393380277062,0.0245740512221678,0.577437733584661,0.341283479440446
23021736104928.8,23693534126,0.949047360735599,0.0206879889153562,0.868131128970502,0.352882349212541
23038434091935.8,23433319216,0.914898656283133,0.0370966058153411,0.64781886476215,0.282651762466034
23030507860116.8,23602049946,0.941318006547859,0.0244893700628672,0.79285341223922,0.331204605696579
22959130052817.8,24102088744,0.967699035514606,0.0158527710500047,2.13602660594501,1.04917660368568
23000926694075.2,23797924020,0.961673646484229,0.018352505236217,1.33649333859295,0.640515312436794
22979963703310.2,23969208794,0.964928864758668,0.017197807854583,0.981913663576275,0.481919020753244
23037675722493.8,23413699960,0.941341279980247,0.0466319711943378,0.348203165728473,0.276936946554008
23036737381961.8,23461256154,0.945563806636281,0.0252656947746291,0.539681535983074,0.250697240068932
23038789285242.8,23462268042,0.911466513153024,0.0564484932279625,0.501714390163079,0.320087334697612
23035443887720.8,23460601446,0.929646491677806,0.0336142145362313,0.299728761575654,0.143324431883544
23042437319669.2,23416148702,0.906406233535059,0.0436746786021812,0.288603947506587,0.134789616330966
23043608594544.2,23416763304,0.894304961372596,0.046855389053686,0.127091056692223,0.0564022931392273
23040560457342.2,23386408742,0.933008061856146,0.0352367587698392,0.212684157889609,0.111954279204422
23013275445991.2,23717961518,0.943092941441888,0.0249811162658785,0.747721286103512,0.328592433475441
23045207139956.8,23311946672,0.913702171805322,0.0478068966697091,0.174183610983751,0.0965654145798214
23021712120775.8,23827818948,0.944394391037786,0.0318617907936151,1.06270290617306,0.609455282614942
23044602277426.8,23369272142,0.895736053945118,0.0737272573606212,0.141174102071214,0.0998880226119802
23045274344584.2,23321579536,0.907557232619941,0.041198934103699,0.203270625179396,0.0906950122188078
23003279149588.2,23933431790,0.959377348205682,0.0235127575879375,0.702076298767839,0.403963313948494
23031510849334.2,23621738720,0.950450531016527,0.0322289920653184,0.636109325310312,0.414034344619977
23021870454260.8,23655222608,0.947271296569389,0.0286867682131644,1.15184423339847,0.627192199668654
23011493334905.8,23889737740,0.949989146807366,0.0209934670799113,1.11664787280558,0.469272118275361
23041486881440.2,23434861900,0.902476321435768,0.0464816477211084,0.279430224831204,0.13330104648206
23047957921915.2,23217331332,-2.08297337264869e-07,1.04906918195404e-10,0.013051491839751,6.57325494196441e-06
23047957921915.2,23217331332,-2.08297337264869e-07,1.04906918195325e-10,0.0145678961391763,7.33697698827168e-06
23046906557055.8,23293607736,0.868041234253716,0.0801116682099646,0.0748007284141725,0.0454510840236106
23045977631636.2,23341151658,0.89467260668402,0.0673400737316496,0.236803118026291,0.151508147417213
23022254293210.2,23492227528,0.949222674661312,0.020479633979592,0.622256180484124,0.250884351582653
23047019373628.2,23264868206,0.823017719811744,0.0778065573702326,0.176762026810962,0.0777939772875231
23046088046036.2,23264369078,0.836755821839503,0.128297191890169,0.310138987868366,0.243862899973806
23034289620339.8,23488805202,0.952322601137074,0.0243570531394145,0.756818426228196,0.387010549554895
23008653568494.8,23629228298,0.954951335504981,0.0217288727273536,1.52380203459331,0.735592952823595
23036730155876.2,23154047274,0.930473282376785,0.0390564894277398,0.378111348170986,0.205210403231203
23039043668616.8,23385629248,0.914377888416381,0.0406746349004654,0.533301282848263,0.253560901218772
23047480246057.8,23284299514,0.7614531306398,0.170957809911869,0.0503816967809682,0.036131718965083
23046085646641.2,23341214872,0.861829488121913,0.0861079228644404,0.0992727869668345,0.0619114319138155
23046013632605.2,23273948726,0.914636976704729,0.0525891582716452,0.0692549925857878,0.0426955904446558
22926626048728.8,24468050606,0.965395267269982,0.0201667039128677,2.95762853825032,1.72481052686196
23045975228910.8,23341127344,0.902320049169354,0.0850781309083383,0.0561935538137295,0.0489535869726006
23037440532415.2,23528822946,0.938902648334767,0.0300566463963911,0.437816667535508,0.215604816592686
23033296155088.8,23517084884,0.922623515800234,0.0375838611743898,0.43805954950782,0.212964470122326
23037373337793.8,23423185160,0.929115059409098,0.0322216503142926,0.306532180946555,0.139461797461397
23039499662568.2,23443429534,0.920589288622009,0.0540387048020411,0.68968962053519,0.469614305083978
23037418931484.2,23413612320,0.946585210837458,0.023703517730118,0.294183264304547,0.130689570153712
23039626860354.2,23539528522,0.934720427586351,0.0347950818722118,0.434365203498651,0.231742471776207
23041537276470.2,23377297794,0.941409969200811,0.0256749924129941,0.252819884976058,0.110917368465857
23040908465992.8,23453789342,0.923057225391025,0.0378436254238527,0.453621855213222,0.22332587191581
23043853407622.8,23311271670,0.910985232992705,0.041290727601917,0.135090146521066,0.0627167345477501
23024471107411.8,23656524108,0.948878001458671,0.0212837385547687,0.664375547098591,0.276925864088917
22975738248445.8,24340880100,0.966105413688036,0.0148985205710974,0.716426035178571,0.315195490873545
23018792581463.8,23739945570,0.944545039057773,0.0259703372353952,0.996882133486859,0.467240953138672
23044290247233.8,23378685766,0.892465405069056,0.0547549633415626,0.451361333019128,0.230024391779575
23036787783988.2,23634018084,0.899886901863027,0.0543193624170869,0.817660168168158,0.443979099840627
23012013803041.8,23659732406,0.954208765575062,0.0188414038936235,0.659379137937246,0.271572494672681
23031865995534.8,23449163626,0.898530856504345,0.0414747086706909,0.282409405263213,0.115547859116476
23026793563051.2,23532913842,0.948079556754367,0.0326025657321463,0.31529836685961,0.198122801083872
23007106678745.2,24040941582,0.944770246132512,0.0218284393437226,0.426389600583825,0.168701290912031
23036458972979.8,23307552276,0.970779331675333,0.014850657974252,0.285237445569102,0.142098136588462
22978755695956.8,23968640552,0.970661809341014,0.0128209036377089,1.10576065064036,0.483729508165172
23020721324967.2,23721796740,0.95678910188335,0.0240247510284118,1.00175435671393,0.557447530685105
23007219382159.8,24117748480,0.959111541055916,0.0231257318842416,1.12432320637445,0.636429801987716
23046282470562.8,23331703276,0.866918238881153,0.081144779053331,0.140565474510678,0.0857759303425402
23032612261427.2,23449528892,0.945299632056069,0.0284311069128085,0.522534187884794,0.271801585001481
23034683180848.2,23757779724,0.937589083021994,0.0392349992531916,0.335511629487671,0.211074265928466
23043061337454.2,23157230924,0.971120674493663,0.0246006971720948,0.0664195968473558,0.0546955748174847
22960625037899.2,24294451126,0.963963633269069,0.0221662412700566,2.52166913824082,1.55213961269682
23020387859195.8,23721613734,0.948254095853078,0.0242967469804344,0.934666995828128,0.439268974072018
23041530074716.2,23444479600,0.928250411702682,0.0358454668226159,0.315404999707863,0.157732486500704
23030997355412.8,23803848286,0.947718803619247,0.0300217001238982,0.843581728396252,0.484839655370932
23039031659933.8,23328029162,0.933390461114507,0.027986748244712,0.422458481893027,0.177668171283994
23041590081390.2,23454136272,0.924772760509405,0.0455344942713326,0.498031311349619,0.30169201318514
23004015361679.8,23722765296,0.968051739010156,0.014516738827742,1.25114630152153,0.569016943643766
23036607763036.2,23125169090,0.958319717228809,0.0191366910257097,0.340390121328833,0.154890879399206
23024725416689.8,23618273734,0.948180222188555,0.0269914321275807,0.936978438472029,0.488426317683
23007348885441.8,23762840066,0.959194437676343,0.0203707659431084,0.785040625969366,0.392226392519617
22999588672089.2,24161727392,0.957948546405336,0.0220242467352231,1.15183246510483,0.603770594145278
22991470115900.8,23735466986,0.975375065717032,0.0120663824774917,1.14389179175359,0.560985711089084
22987226869808.8,24001745060,0.965153795477459,0.0176841349960548,2.7879770483846,1.41596904642615
23036048639694.2,23595280854,0.919796276139994,0.0421868095357447,0.556052767773633,0.292754143654215
23030711805947.2,23582941974,0.928376818914703,0.0364096949349175,0.98743421259659,0.502406343242296
23047957921915.2,23217331332,-2.08297337264869e-07,1.04906918195351e-10,0.000959833930185655,4.83410877662421e-07
23047629070104.8,23265168662,0.646912421704032,0.212060063991151,0.0171899603258001,0.0103327423866149
23042643730560.8,23425883720,0.931585016461557,0.0447030535430908,0.529539227900581,0.346219934757198
23037118951049.8,23327023148,0.958656222701753,0.0298159614111884,0.373499192634536,0.269494387907329
23022098366066.2,23712874896,0.953783634088643,0.0221334455922079,1.21427032640243,0.582019300353596
23021822464733.2,23607178650,0.959418196245115,0.0270639780008908,0.919967753733879,0.613920860387521
23028161197583.2,23562473946,0.957704109605068,0.0171407458336901,0.560871067268238,0.227531148840706
23047494646100.2,23293898854,0.689719857387981,0.342046646266598,0.134212768434631,0.147986657582822
23039494864388.8,23462663910,0.932517596760401,0.0314128287529114,0.452941825011057,0.211054817033189
23041203670310.2,23367519682,0.93675455982872,0.0275117824581138,0.451756231616394,0.196693771927385
23047350626242.8,23236215638,0.820647079402773,0.187889347662603,0.0976856715760173,0.102367387282249
23045454367198.2,23254460008,0.888862067508076,0.0685941446627086,0.285556667434262,0.176359399856589
23007569558435.2,24060367674,0.945863788981705,0.022936532512739,2.28093808024065,0.967490063729653
23046781738885.2,23264732518,0.875232674754974,0.0962357104452959,0.0268253336094349,0.0207014703692419
23035110322994.8,23374025250,0.941651468127569,0.0296899758632886,0.559956528899976,0.285151229917905
23033173770434.8,23497852686,0.964408442537234,0.0176435586125855,0.692485223864002,0.343622590981218
23013220292219.2,23641166246,0.950947832166092,0.0221808521006156,1.66940333729669,0.755574328085033
23044765491014.8,23273323336,0.896470844252635,0.0408229633563848,0.446013999895163,0.176044832417097
23002343955618.8,24057634490,0.956599198372095,0.017998761628224,1.22151604926308,0.507064634932229
23032909816112.2,23516903216,0.947008642920287,0.024560139325678,0.595768110168295,0.276401568064872
23042338921146.8,23512126426,0.878963362702445,0.0655172722839056,0.357955305990204,0.193925420305564
23041165269173.8,23396308818,0.949847028694012,0.0278947519462034,0.306086895100727,0.170390309320626
23046440892001.8,23312577956,0.892175418297972,0.0735930077583613,0.0980148617599477,0.0669460022013784
23023187549790.8,23598307630,0.952939687902714,0.0240576078454545,0.807727340860297,0.413232573428302
23041520483530.8,23444479588,0.879947057935937,0.0595901392156406,0.536362909679823,0.266448408385779
23024075243926.2,23771434442,0.938462131828798,0.037045939673969,0.619389800847124,0.373135611311648
23044381453587.8,23301940066,0.962294620829181,0.0214303581033435,0.168073135620893,0.0955957353626359
23022158356091.8,23904834048,0.936672706384573,0.0305287918295272,1.0415339371671,0.502516001126143
22988272004067.2,23839309470,0.957521880687579,0.01714652479078,1.36432059633804,0.551272169146336
23022998026961.8,23684596776,0.948848458117442,0.0233582734474417,0.758886197923697,0.34686287537462
22970422782801.8,24203842388,0.962953274211363,0.0190905024793521,2.24620995496072,1.1584239122063
23036423006728.2,23537905396,0.927995406556484,0.0297825429072649,0.341801744285055,0.141539766328204
23028559498389.8,23572275430,0.935953368846778,0.0318305234097475,0.849359710822406,0.422469010540238
23019051667257.2,23682529064,0.961295780080789,0.0218562161464226,0.6388940216753,0.361025726430747
23044350250078.2,23359512754,0.905023905710698,0.0392608863256916,0.190404057507673,0.0788051536693835
23026023410319.8,23618903818,0.9488753143529,0.0285052789674032,0.616351748269768,0.343885927054526
23040795642059.8,23156068346,0.970524425020034,0.0213452692278963,0.15241368567093,0.108452923027561
23014748232755.2,23747499914,0.961489836996657,0.0194113974240224,0.735004770345337,0.370777040754497
23009092498009.2,23638981276,0.944940344451747,0.0347191652358751,0.453323852749492,0.286037307216003
23025589147032.8,23628321624,0.934978682036682,0.0315980832109418,0.767230810390763,0.373159382801749
22991091354077.2,23773520320,0.939132266718945,0.0336536421233874,2.34392418604088,1.2968166981785
23040471664296.2,23424707456,0.887257380063096,0.0767551967309773,0.758623219032987,0.516767695887179
23036360616319.2,23566642708,0.909906329982872,0.0432050685680768,0.526551768902013,0.252726643702011
