22978793986769.2,23259061688,0.991689739078679,0.00615399328977739,0.169707541822156,0.125455035779895
23045317550351.8,23340816176,0.922669152195379,0.0428257412158746,0.190211307294874,0.105426729808772
22916586383269.2,24663704982,0.983541227851065,0.00962082417599208,2.956519308873,1.72946716867266
23045564779719.2,23283319806,0.925994197631459,0.0564184670689287,0.174446663248428,0.133053030085223
22529546471968.8,27905731516,0.984247151591951,0.00793089121835056,10.953099183877,5.51869537218455
23044071830506.2,23512983412,0.885153559879145,0.0759412806876087,0.0802532784260409,0.0531077676492918
22955946320211.8,23688319416,0.986317940458904,0.00844760404796974,1.23732132152404,0.763993155302609
23046424091331.8,23322172212,0.902390175661911,0.0787877268896829,0.0454851961600454,0.0367315957762973
23044079028432.8,23359391108,0.959178575154504,0.0313145938320336,0.0832318622957191,0.0638848141485231
23042406144575.8,23483344052,0.886737210494076,0.0572639469702265,1.07245926469694,0.542660498471421
23035175150517.2,23546878718,0.960839676748266,0.0226941225547206,0.806490287560304,0.467735257531869
23046188857643.8,23331640106,0.895604972587151,0.0837639530597181,0.116479240269083,0.0934777581238945
23040063698557.2,23472529536,0.941049019865149,0.0421463452594699,0.797328013507615,0.570390425373651
23042074959185.2,23406393118,0.926980958415568,0.03374905184425,0.951897799477184,0.440403222874304
22942006153108.8,23719460854,0.984210645373062,0.0080283383326083,2.11989778840556,1.07819557434853
22927666608310.8,24516649844,0.978943689307966,0.00959717637748048,4.6605524589676,2.12603661208942
22899274883810.8,24554315026,0.968709497551379,0.0135990151612095,10.3103290585247,4.4851338774192
23046577718265.8,23370262246,0.832852754434543,0.132354503047379,0.508082702911147,0.40255483676932
23024614620144.2,23666409294,0.962510827763631,0.0216866482783006,1.96380517753079,1.13684794452753
23016708945106.2,23691095554,0.951769555999701,0.0275533684121656,2.65782946128667,1.51947858025399
22976261049984.8,23920073640,0.969423941465281,0.017480699992544,4.93977920730114,2.82598129488452
23045012718775.8,23321458238,0.966691458912709,0.0203356789057086,0.117476739349658,0.0717787173950823
23045027128314.2,23302252304,0.874872662770765,0.0749712638636327,0.675359242965206,0.404916145866263
23044059859724.2,23340182164,0.940805734450708,0.030387736469468,0.471485477884429,0.242231764747184
23047240207498.8,23264970120,0.852425602551539,0.107816951811175,0.191482042869311,0.139979508303729
23046894557940.8,23274394688,0.856130837898933,0.104582272809701,0.266508493304142,0.193833446020962
23033833938541.8,23478957602,0.9563505475079,0.02835816661694,1.23953851115621,0.805779970638024
23029146267581.8,23572623294,0.949657885810027,0.029371095118645,2.13576023959198,1.24692371841741
23037234332233.2,23499927934,0.94948056455824,0.0296108111778396,1.04821330072017,0.614799934053408
23002022835725.8,23347612484,0.982677698368256,0.0114595944239332,1.14869728767103,0.759576221063915
22653340639059.2,31224408084,0.944490623087669,0.026155044891068,37.7465454005363,17.8003550452918
21152823960947.8,39030365068,0.979110373802464,0.0134596577069032,56.7104382805207,36.5622258348457
22574235903489.2,25733454472,0.987994292706779,0.00760000898683078,4.88981126628235,3.09706037567554
23047909914868.8,23236510874,0.244511502562984,0.499107652146723,0.00299668891621863,0.00198111198303411
23047957921915.2,23217331332,-2.08297337264869e-07,1.04906918195378e-10,0.000510328369998884,2.57021842507113e-07
23047957921915.2,23217331332,-2.08297337264869e-07,1.04906918195404e-10,0.000150390646179263,7.57427633837459e-08
23039742087342.2,23385965990,0.942995785641874,0.0471170603167138,0.681981983708503,0.563947043262743
23047957921915.2,23217331332,-2.08297337264869e-07,1.04906918195378e-10,0.00149974051591509,7.55329496347594e-07
23047957921915.2,23217331332,-2.08297337264869e-07,1.04906918195404e-10,0.00816525391998214,4.11234948011381e-06
23047900313006.8,23226901758,0.403746781870355,0.386051752168393,0.00715900307293584,0.00463813174374619
23047926717092.8,23226916272,0.249803571236288,0.343684266726076,0.00518340284591349,0.00237700862061117
23047941119461.8,23217321660,0.124911994985808,0.499649645910303,0.0129993427191764,0.00742682415957553
23047941119461.8,23217321660,0.124988375234896,0.499955167415822,0.00404669800412852,0.0023135862850188
23039506853896.8,23731486628,0.950263192455252,0.0468643112828806,0.43206266793392,0.40384689878987
23026565684044.2,24195109628,0.924953124735705,0.046401484463313,1.42467099053137,0.88150397953004
22970424819875.2,24473114308,0.974603052109147,0.0136036540549388,3.86247395388283,2.0706710629865
23017243726104.2,23787206238,0.971230783148879,0.0206477683686405,1.59372898705949,1.14449958014769
23011807786995.2,23918684936,0.971370954360396,0.0167782698491029,1.56047039041076,0.915308036093819
23041316511602.8,23454003796,0.952191141191454,0.0316377743613432,0.594766000236971,0.393854353241577
23044539893582.8,23714815124,0.817302554420643,0.205816166429273,1.28289572929456,1.44550922656066
23033814485953.8,23392551004,0.966645136842359,0.0250611136496021,0.470748337181293,0.353860759187477
22820788371723.8,26026922752,0.971000646275377,0.014559825734808,14.8911048636532,7.48250393738776
21108942588666.2,29388935000,0.990920448104397,0.00557698500141546,31.9255460403905,19.6211955601022
23047909914867.2,23236510878,0.247750007264657,0.492358957594951,0.0269247172516719,0.0176351420690542
22784955823977.2,30170096980,0.949211027777339,0.0287181132538922,23.7833329283502,13.4579888115124
23046880154321.2,23283989110,0.902205112280294,0.0774013087938618,0.130898801777617,0.103657765949831
23039274320199.2,23491366830,0.900841023286677,0.0405466888115691,1.98740755069676,0.813463083328479
23030241523386.2,23553944496,0.968723352166271,0.0191371930081723,0.576811564948116,0.353166484052096
23039494842689.2,23318694172,0.964000865352307,0.0170858987035817,0.346999393195001,0.158800446063743
23044566269641.8,23302022644,0.928780651652945,0.0340384969497711,0.363746216179558,0.174007325634266
20507862582217.2,34281181490,0.984492702327336,0.00723775056707199,80.6055277858926,37.6515008948927
23022367111592.2,23876254110,0.962340816835074,0.0245822280981134,1.11912326333298,0.730990158352502
23039610074573.8,23491537824,0.927219283751469,0.0448216603387674,0.754986991059171,0.465285182236113
23046222466944.2,23322046048,0.876184535426056,0.101002914607465,0.449585337724103,0.366955614899473
22899106157570.8,25423425144,0.961887868505574,0.0194807120666152,11.9597821837107,6.11780989658073
23047957921915.2,23217331332,-2.08297337264869e-07,1.04906918195484e-10,0.0114796804601545,5.78162766704318e-06
23047924317024.2,23217311988,0.166666145903922,0.666667083443161,0.0677251526629553,0.0542017492411191
22558979229185.8,26813305130,0.970518432230104,0.0143329060448039,27.4400306738713,13.3511308907019
23043531790417.2,23339897616,0.916751734993294,0.0517659094881064,0.62895078142743,0.391343354871621
23041388561190.2,23559611476,0.90789389009151,0.059170526076152,1.26704458685935,0.814658768916276
23027228134444.2,23571591510,0.963601104671637,0.0294750946718684,1.42692110524354,1.15607123749547
23036888607228.8,23739660160,0.889979930543988,0.0886121104645053,1.78252565366289,1.43643993144657
23016830413993.8,23892495586,0.930697523318252,0.0381287198988109,2.4568270141575,1.35266730343082
23040296470875.8,23415032632,0.945373599086177,0.0488964687174456,0.568785195547994,0.509341679958266
23033058851606.2,23478596538,0.951129358083094,0.0292089364127529,1.24786385367293,0.74629264435328
23035928619149.2,23201631420,0.975688985848587,0.0133615576532439,0.088267127269536,0.0481397512329237
23046052047460.2,23369993250,0.898593737483918,0.0820259693794827,0.393535800002495,0.318507516794715
23045437564796.8,23350463748,0.920949265112206,0.0548359351994517,0.294301297816335,0.204287203398542
22212022605771.2,35483169592,0.96163977641358,0.0179997663854435,66.458573263245,31.2107844927032
22968541395671.8,25402093812,0.950716011089048,0.0297809744927483,6.83414571433377,4.13293684031897
23045089541759.8,23359870304,0.896810110579087,0.0929000082211302,0.598797360068922,0.539194913047192
23047957921915.2,23217331332,-2.08297337264869e-07,1.04906918195404e-10,0.00494956029710754,2.49279715169512e-06
23045771212852.8,23293035836,0.926054236977941,0.0485053584761115,0.306778294419511,0.201355256920814
23023252344187.2,23867035712,0.959821135808373,0.0222302982530811,0.897639913172295,0.497035797591165
22950739008910.2,24471411574,0.979981951630859,0.0117540116740477,2.75949393114494,1.62149234439981
23044338254857.2,23359517620,0.944466563255206,0.0351266878779094,0.0742303236197336,0.0469825883403887
20655539514604.2,39352441466,0.986257052025757,0.00908442136405463,27.6655889038099,18.2631050973058
22723543109132.8,28463243956,0.969996050741077,0.0164213577248377,13.7436225537797,7.52754929432538
22994853232479.2,24274314400,0.949269046576915,0.0281214128447838,2.87841091292158,1.59669518977619
23047957921915.2,23217331332,-2.08297337264869e-07,1.04906918195404e-10,0.00228127196254195,1.14894008944409e-06
23047957921915.2,23217331332,-2.08297337264869e-07,1.04906918195431e-10,0.00176011213326146,8.86463089463333e-07
23044448667568.8,23484399148,0.90120031374592,0.0961725143431328,0.307528596340006,0.299508386663635
23047957921915.2,23217331332,-2.08297337264869e-07,1.04906918195431e-10,0.00215962634291772,1.08767447474026e-06
23047924317447.8,23236520558,0.165157789618824,0.660633647149781,0.0507293932546685,0.0401609771650696
23047866708800.2,23255695224,0.325181026919258,0.640163187222081,0.0882145754941077,0.0837154703664736
23047883511012.2,23246100630,0.385910006350772,0.494809013163827,0.0136996996750442,0.0110443227789066
23042334109271.8,23348897510,0.940782563376516,0.0291674041728477,0.379919774929873,0.187278633672145
23038868471349.8,23452748666,0.952147598879666,0.0233006280048779,0.332375588694373,0.162005333008105
23026407722325.2,23676833706,0.970262440223639,0.0158068536256709,1.22335951870658,0.650831667396435
23033569710820.2,23392448610,0.974998900939782,0.0122137028001793,0.389204097676146,0.190289944197953
23012085367632.2,27306025942,0.896356628212869,0.144747956242245,7.50430238492873,10.4824154692035
23039154082211.2,23932782184,0.885094667199284,0.096398287288998,0.856779411357432,0.719164484626901
23047840302352.8,23226872722,0.58131384539872,0.118361096254542,0.107390807052817,0.0304147579936148
23047278615727.2,23226577614,0.768372280383152,0.207498575565213,0.236621485974783,0.212047176551297
23043450189833.2,23560652650,0.87998666689653,0.103310274476333,0.616410689238838,0.530888851405153
22845747315573.2,31012107350,0.945280480167163,0.0290299066867399,16.4723901411652,8.74552585549319
21709412728360.2,42009899328,0.970637885839331,0.0156186388940426,48.2950334088762,25.6991897572863
23046839350121.8,23360792536,0.835276924535859,0.16666110202469,0.0757253166294485,0.0766516866154117
22304722642902.2,28744272472,0.985516059574175,0.00831859888031594,6.38703198981762,3.66840201646216
23047172998469.8,23284149162,0.850886507672456,0.0912838316322523,0.0811732298705677,0.0497334143222797
23047485046948.2,23265105658,0.769689848954056,0.134920687281942,0.0419954788982332,0.0246192368797415
23047957921915.2,23217331332,-2.08297337264869e-07,1.04906918195404e-10,0.0166637835101676,8.39254995941771e-06
23046844142686.2,23255176916,0.932716200804278,0.0872923351708994,0.0726405690630718,0.088326003631214
23039199668860.2,23414511516,0.950439184332666,0.0239629105215091,0.584045837835016,0.282629243457848
23035772659159.8,23412768716,0.963657085468184,0.0191508245472816,0.318822027857582,0.168132390304886
23044266283783.8,23445888228,0.904900677168956,0.0643153576308938,0.765558077758997,0.518141181569359
21505914999568.2,39243331242,0.972442968110934,0.0129898734846799,84.3980490737177,39.8215608972585
23040075655490.8,23414978534,0.956502989627791,0.019717810578994,0.540660792431613,0.245341835892836
23037992526091.8,23471511372,0.956625336418085,0.019052655674228,0.757166160211916,0.332945885599485
23029041763963.2,23351742078,0.967884879044409,0.0155959750534839,0.670804571998454,0.324766798000103
23041038215388.2,23597858204,0.927844678875656,0.0519622479855217,1.12313681289515,0.809355613740686
23047957921915.2,23217331332,-2.08297337264869e-07,1.04906918195325e-10,0.014412506357944,7.25871645989966e-06
23028469369243.8,24033078378,0.943416006062864,0.0443228338838548,2.50691047901458,1.96405714488107
23047957921915.2,23217331332,-2.08297337264869e-07,1.04906918195378e-10,0.00416594587754191,2.09813748985443e-06
23043275040784.8,23493323190,0.886731359983284,0.126537754635725,1.2018137623081,1.34313924818599
23034537088153.2,24285633098,0.930906981204525,0.094434174735324,1.76121829817826,2.40762376216995
22967944385617.8,24625378824,0.965966714220729,0.0188172738453358,5.22210325820511,2.88946501914428
23032771234454.2,23603269360,0.943338800441394,0.0300848409960951,1.87028645417938,0.993822803800458
23008503744400.2,23840372658,0.956811924251456,0.0227296846092548,2.84949258988388,1.5008356863039
23041258899239.8,23377141784,0.918935275335969,0.0513421854992264,0.914916948761151,0.579823412572813
23029912774957.2,23496163824,0.97276269425775,0.0170236895740459,0.655339286179729,0.409866728525595
23010616347532.8,23860501354,0.976901810826687,0.0162805493891708,1.46984121306456,1.03662451999559
22987142940059.8,23464664380,0.989532440980533,0.0075633160356765,0.878065330401822,0.634329429996957
23046582511982.2,23322259652,0.864183301746088,0.0847068378952405,0.156366218741476,0.0975949035266835
23047643471819.2,23265183204,0.686888847067747,0.171070485186279,0.0834689174712983,0.045638566036409
23004646106479.8,24336783984,0.951674339990504,0.038262691444547,2.76437630157767,2.19000932124055
23047957921915.2,23217331332,-2.08297337264869e-07,1.04906918195325e-10,0.0145678961391763,7.33697698827168e-06
23037999721497.2,23682636942,0.934564258069029,0.0446917968053342,0.897412552225968,0.613334541062839
23046654523244.2,23303095644,0.889019988360731,0.0653518068046389,0.252292565314475,0.148669832970149
23044604688290.2,23609308902,0.902251249971441,0.106771817181897,0.294302973860972,0.321581354938124
22999775689491.8,23595875542,0.977173699825454,0.0134860947242261,1.09742844304095,0.647220148898988
23043190959974.2,23368527436,0.942621466678131,0.0419804383335848,0.320528280694729,0.23463900008355
23032285956765.2,23583778748,0.967472978660384,0.0228427722692212,0.72247342858625,0.507709179445304
22996526619991.2,23853279560,0.979395462693713,0.011227623713992,0.878820557749513,0.478678316012787
23043325387391.8,23445372946,0.934716366183524,0.0648742472465922,0.562475740166088,0.55920571362372
23034759974567.8,23498642988,0.961960028941492,0.022866720299818,0.647457966390468,0.389482891084525
23043711799838.2,23388016472,0.934865822117777,0.0367542414527975,0.331224299876423,0.187053997156592
23045728000198.8,23254600534,0.916093307438708,0.0549702482494265,0.282088416335308,0.184913638094637
22169348018199.8,35229473378,0.966044980023899,0.01434457775723,62.3162186673953,26.355061262688
22977518237740.2,25071490672,0.960231536428096,0.0283652204966531,5.09792254571803,3.63825300394702
23039547672008.8,23606722558,0.892630945289602,0.0722087129974888,0.774827004142303,0.521430726290706
23046380894784.2,23418179426,0.800413022177886,0.176302927376882,0.618431625499503,0.546538334674578
23025162407587.2,23704921212,0.957303915449748,0.0231389813451629,1.81061178440922,0.98210478581616
23042898150734.2,23406801632,0.925921014456994,0.0462834081585715,0.679113407665935,0.424622943449431
22936139755659.8,25105673028,0.954701294020804,0.0257334794967032,8.21344491332512,4.66911082130624
23014542846397.8,23843437094,0.966174308979347,0.0183849262517591,2.01611084993185,1.09660930122923
23031979209374.2,23516464204,0.965964564337969,0.0147052578311865,1.10024661916286,0.475892515009694
22777036306536.8,26453017944,0.964975727009566,0.0168546142285542,19.1347217671065,9.21576177953106
23022579192186.8,23684433420,0.967498115454372,0.0203440257926185,1.67111624465929,1.04666688624289
23009941525443.8,23706595900,0.983240455114038,0.0119378995063939,0.710120310962308,0.506096918930053
23016072489736.8,23872902324,0.961451047580742,0.0209477652833081,1.68230300543893,0.914980192249783
22616709121399.8,28681508720,0.97849635300069,0.0149101913770509,11.1546283144088,7.73898734229049
23047228206003.8,23284163702,0.766668486731759,0.139459917256165,0.0473153713699912,0.0282995782781763
23047679478349.2,23265202586,0.734738725436381,0.216180200604847,0.0279902789029653,0.0228217444482007
23037954100115.2,23490725034,0.983064987824063,0.0140004444181323,0.222641093893799,0.183573282421272
23046709724364.8,23303114730,0.943905547812348,0.0732339822163012,0.0855820181264363,0.102692443116592
23040553265469.2,23424822140,0.959749992940933,0.0247835350004552,0.489011668813389,0.30052356681636
23036891240364.8,23518965626,0.95953591761327,0.023325082430505,0.941761770642912,0.543301286402295
23046311278849.2,23331723544,0.902048967456119,0.0828839947822229,0.265748011575491,0.224988800719067
23046148056867.8,23302829284,0.912370668827375,0.0500403450518353,0.327286266716855,0.187030941807825
23044259058815.8,23292255880,0.93600358085347,0.0512942191304527,0.440620687511484,0.353329528913051
23002847095314.8,23799291476,0.957003313798356,0.0195865669650375,4.3374077772752,1.97756523229124
23037366158639.8,23596002812,0.930209804513445,0.0739748453709566,1.00679663014734,1.05942834787982
23036497402284.8,23432329140,0.941764786203318,0.0259944127399673,0.976549403238094,0.436279879209515
22708994192262.2,25323744340,0.987793738428232,0.00644902522203206,2.28954173076153,1.20985593437428
23045041523263.8,23302255684,0.903591945144422,0.0772563489878694,0.378823121103648,0.303709699765417
23040601316787.2,23309605176,0.934040540565939,0.0434331879987069,0.934110210418813,0.615445509501656
23038395668957.8,23567594942,0.949538220066131,0.0735855826166036,0.372317588961175,0.539329087261159
23047000172724.8,23341652456,0.853274093210595,0.18889372218437,0.107327836611761,0.138196940244555
23046258470878.8,23302887212,0.934782056726413,0.0425908058653128,0.186679907725621,0.12199938491421
23029821595955.2,23544141582,0.952253817436244,0.0266485346289893,0.635598810348432,0.355066868071922
23040714060840.2,23568861662,0.917521822615299,0.0537732675870516,0.144145970160464,0.0939973706854343
23000533755856.2,23884085144,0.980049609631211,0.012923737879184,1.43138345218903,0.927929454339972
23045211961029.8,23331133366,0.90962194454907,0.0779732746129371,0.566634047069847,0.489107746911839
23045108727710.8,23292705270,0.923077114054446,0.0437939784128167,0.252061037998395,0.143604489148408
23034030980857.8,23690323438,0.949613387060982,0.0311698710895798,1.54846204110957,0.958611349296925
23046704930978.8,23370318910,0.847854518865298,0.136353373713797,0.340858773790256,0.305643017780609
23046644921478.2,23303090764,0.870745377815367,0.0773047104865158,0.317987214661966,0.19031867810943
23042886145427.2,23397190978,0.937326319179844,0.0403287292732546,0.187130742247352,0.120488905963135
22963221819536.2,24278064948,0.964187459218119,0.016227098681591,5.86296582114382,2.65896035610251
23043651914203.8,23349580302,0.930624476099296,0.0317220261383526,0.760660682734264,0.348137589663767
22950151555456.8,24653385682,0.981694605846789,0.0101071284241978,2.82746798765633,1.56247070535855
23023168493434.2,23655911474,0.972725293143622,0.0139093874022027,1.00450880988899,0.512676136330867
23039614876358.2,23539521180,0.943146458349287,0.0404916629346206,0.61930429456124,0.441379129355147
23044623890016.2,23321266110,0.907743380963025,0.0406741556765011,0.604305170905947,0.266715678109361
23047362629570.2,23313058714,0.81258499158658,0.194796779590748,0.175094045968103,0.182045871584137
22414509321487.8,35294135500,0.97395797302272,0.0162153568525319,18.2634744024457,11.3783564738326
23046798540117.8,23245548648,0.899151603681824,0.0509093591158635,0.0933647217581139,0.0471675310501545
23006984452568.2,24088879738,0.965467720606007,0.0182855004848502,1.54378987015851,0.818086126549531
23003162289890.8,23645989948,0.972396197636466,0.0160937192641207,2.69533910508552,1.57249156412906
23047941119678.2,23226925948,0.116419225399107,0.465678510985141,0.0113473011151427,0.00598504230649815
23047957921915.2,23217331332,-2.08297337264869e-07,1.04906918195351e-10,0.00266620536162682,1.34280799350683e-06
23046047240650.2,23331596374,0.865380524893915,0.0973016800412639,0.10171968703245,0.073560660319872
23018178604587.8,23749265962,0.970503629856286,0.0119441785525599,1.34892498575089,0.546775614885404
23007538451842.8,24031632316,0.973366220010207,0.0147921886634201,1.49670374911377,0.831934710896146
23029924899554.8,23870552280,0.956083366524391,0.0290463084398858,1.3088687601217,0.866246983568057
23044988717113.2,23331052050,0.936573796357083,0.0357113004979499,0.166913502622815,0.0940520842363847
23020807268519.2,23702824574,0.947881648959351,0.0215581656236309,3.03740901443117,1.25781958816083
22965609421820.2,23953385850,0.974840923161247,0.0156235884537722,4.68305287819286,2.91005904806273
23039725429760.8,23539588170,0.938774199825477,0.0436071565040269,1.10537783341275,0.787846050563238
23043514981848.2,23387884938,0.942417650074638,0.0374069535439805,0.244104276098726,0.158703002656521
22934852322934.2,24733307318,0.965233987753016,0.017065636678099,8.59248252152059,4.22119358758511
23033178591871.8,23565038660,0.947218501739176,0.0332625221956975,1.16553465113359,0.735066384828898
23046032842422.2,23225949074,0.910825242415759,0.0651026440299929,0.358299162348956,0.261714479259494
23026102894326.2,23532630034,0.969691407751022,0.0191222749458767,0.992910445659074,0.626817221401047
22924634718122.2,25550664456,0.955491348794085,0.0220995716696955,9.96194947979728,4.95036441827832
22840088163680.8,28493695204,0.947203544681247,0.025686424539245,9.87031480913636,4.80603323261035
23042951015865.2,23397183564,0.927492527054897,0.0676979229491642,0.810767065820477,0.75736100809522
23044021408743.2,23311373656,0.963905379724537,0.0254160619219136,0.140136618413201,0.0909725406276995
23028189979319.8,23639260758,0.961738712651748,0.0260535607726121,1.01297100819823,0.688884363416143
23046623316345.8,23341453196,0.870369415796023,0.149595677569436,0.288561408462346,0.333067068355928
23015786968125.8,23556298478,0.97459644790274,0.012402144871932,1.75861481891664,0.859249747983664
22997285034014.8,24026613034,0.967559365562045,0.0154706266219503,3.64469074100878,1.73955714439143
23039010267203.8,23424051342,0.951093812633394,0.0236857111272438,0.939644118698032,0.455465394284223
23012128928056.2,24168461434,0.95867373709921,0.025781509668455,3.09551790806976,1.93267789217642
23028952040933.2,23543775304,0.963373686875543,0.0177756590677912,1.60833598099827,0.781330314172235
23046815345188.8,23255157662,0.889986657301147,0.0578967495334238,0.230841657895617,0.121576803039941
23047117788283.8,23284115292,0.895132518842142,0.0878493142248695,0.126444828423631,0.105989588970439
23033920711245.2,23575050204,0.9500061836961,0.0296718336566297,1.55816353214855,0.92557139915824
23020804116588.8,23750798350,0.961337765454575,0.0218176759414433,2.10949672955268,1.19125330157683
23046647325709.8,23303071466,0.886515118018465,0.098260143309533,0.318376955656534,0.275800561494137
23046203276315.8,23293250234,0.884498710000678,0.0808202426759265,0.488032461677229,0.341681647248714
23044364652515.8,23244304390,0.907512846125912,0.0648006184096976,0.501622864390516,0.351646391829259
23014078879915.8,23728344560,0.966485708864649,0.0197453346723689,2.61622481751185,1.54263056304135
23023224043034.2,23780708850,0.956246824221382,0.0224824147306643,2.01084419252114,1.03407975011258
23000634661229.8,23817058518,0.953045385529987,0.0273050416523954,4.21050115447567,2.45005940448005
23021777892725.8,23578596310,0.964891333590337,0.0155517216744431,2.24209174975616,0.994217107575681
23046760139994.2,23312748586,0.873203248426531,0.0891458177910565,0.333526463365527,0.234633393873622
23046544109279.2,23341429472,0.880265393644686,0.100248242978151,0.356638982622279,0.298786452802085
23044129425202.2,23234584542,0.949128437330325,0.0388939585826243,0.162877516063463,0.119345270573282
23028470722387.8,23591426772,0.975603422048825,0.0147953167250749,0.385720894561755,0.234072570778055
23027707751790.2,23859793334,0.965535311073589,0.0203191294711919,0.638682770787915,0.376844810310105
23029193039236.8,23514928766,0.957923893593368,0.0358814638869441,1.01875228439767,0.869143773586956
23044367053392.2,23340305722,0.918486667393194,0.0707287712097001,0.0808824311891537,0.0702171064919012
22903453641770.8,24494398124,0.982131479778162,0.0107302771120702,3.91659353096915,2.3535141725844
23047909914867.2,23236510878,0.247784022309589,0.501546425122229,0.0264528932799674,0.0176498202193058
23044760692514.8,23350132978,0.93671879035426,0.0397958950210439,0.1711992896025,0.10774420910958
23029459290491.2,23745511188,0.970745041451661,0.0184074873514292,0.512216304448294,0.322522707192642
23038784472912.8,23433514588,0.948457741317446,0.0244813161266191,0.168880938199351,0.0802930077958878
23013226188708.2,23593255384,0.974259752223152,0.0159858900001608,1.53661824514521,0.95493049002265
23040351664096.2,23415072058,0.93793286575142,0.0480952559398503,0.575540263951149,0.446216617185061
22995369548914.8,23834139296,0.975296436540958,0.0116027424797981,3.11751592428978,1.46570781762399
23037395082792.8,23499999792,0.941570388462797,0.0290126451320714,1.29495293738758,0.643518114491709
23028943498106.8,23534098064,0.972559224874547,0.0119429415569492,0.776908670862356,0.338445549550586
23025846112300.2,23686111244,0.954405117052368,0.0245379614272568,1.67701249218987,0.903290713593748
23007177137180.2,23974110526,0.955023771711967,0.0200379103630326,3.67033493145984,1.63668173159874
23041263685900.2,23444344890,0.97071940085652,0.0222819486278628,0.237133636446047,0.180570503683649
23047941119461.8,23217321660,0.124201197693767,0.496806452003812,0.00205636460276531,0.0011672208167056
23042019702262.2,23463920094,0.919597286894757,0.0387113025804238,0.305375379531842,0.14715150208941
23047957921915.2,23217331332,-2.08297337264869e-07,1.04906918195325e-10,0.00368102977739603,1.85391428603535e-06
23045031937184.8,23311861316,0.916639647451212,0.0480344943870862,0.502695682626175,0.289872255776011
23029044784880.8,23860559116,0.945110579152829,0.0348999541564112,2.18159849732121,1.38813567179737
23031602862584.8,23535418136,0.94694206596537,0.0309329669804737,1.8838786263219,1.09902400178675
23002140990984.2,23606924228,0.971824379552692,0.0164048829125704,2.79241664944115,1.62691915303384
22949500515007.8,24107479012,0.978249521097431,0.0139450869552816,4.3215719403493,2.77231815162555
23038916446679.2,23059123142,0.961356344838092,0.0251886548967927,0.208384087123696,0.131766520830556
23043745416773.2,23339998532,0.90763816180233,0.0602625583067362,0.732245214179082,0.47804763825048
23047427438624.2,23284275268,0.749942594472523,0.119957119534501,0.0883280398064927,0.0424087781146866
23045809609444.2,23350648550,0.926726273710084,0.0779852643569509,0.0916029622472874,0.0975121517252011
23039684451108.2,23491520546,0.930751925727565,0.0676611238598506,0.182080177563648,0.177943759336463
23044357455793.8,23359507878,0.931057215029239,0.0595175383852784,0.215769979156238,0.186360595605606
23027592591838.2,23686937384,0.965867785106938,0.0180007280658147,0.967253929509555,0.510501564686424
23036279028864.2,23509001630,0.931153997342888,0.0414448643002511,0.194862180800565,0.117382819367578
23028823586609.8,23697189380,0.952705268931927,0.0281831017045344,1.53358827075184,0.914516403481003
23027297416761.2,23331651170,0.949264791015847,0.0169258864066177,0.177881545374629,0.0592764575782635
23038088506114.2,23548336312,0.945478841212469,0.0379947068916797,0.41299006083331,0.288007509796376
23040272441723.8,23443879148,0.952904622609861,0.0340806975202944,0.444362538781772,0.316081842733061
23044916707757.2,23321414542,0.916847504864923,0.0321674895458262,0.416193124237916,0.161201150058816
23043661439930.2,23579959518,0.926856243391535,0.115496477712479,0.658726116285458,1.04035060305475
22926432217769.2,24586017062,0.983809948031913,0.0107957297803497,4.21689711923997,2.81395648096514
22932102936105.2,24856058024,0.982167762023056,0.0103742450536789,3.98777300255078,2.32172123377816
22997866834597.2,23854211668,0.977108309222172,0.0133232104977037,2.35082327979746,1.36915735804613
22781132548788.8,25530973136,0.986942017911357,0.00912548321733686,5.96449595640708,4.17064761704894
23047957921915.2,23217331332,-2.08297337264869e-07,1.04906918195378e-10,0.0086385053716709,4.35069789896103e-06
23035818857575.2,23585637018,0.947402819614774,0.026140680572563,1.48539741679833,0.73883714764247
23045132756984.2,23379148272,0.909787172609186,0.0564307206283604,0.56066755555998,0.350946111354883
23013390594535.8,22892788422,0.977099816569169,0.0123513953562304,0.87354521534955,0.466090351952565
23032133089048.8,23670148712,0.938072308796792,0.0268710005145546,2.09211466492633,0.908768289037006
23043601459273.2,23349540964,0.941506108500756,0.0400277644107714,0.558699917226146,0.382620299875923
23019396588738.2,23894103504,0.955989330619248,0.0252399410658993,3.11438750818445,1.78740629535911
23045716000070.2,23244987256,0.867125386394885,0.0839327857237308,0.471504778414301,0.298012956214869
23031667560775.2,23545075278,0.95462541691675,0.0328770335967548,1.6409249336756,1.18963668125651
23046884957273.8,23303207136,0.885139161899863,0.0779982054344626,0.223848471228542,0.152106459227674
22959964473708.2,23863315516,0.985268532075053,0.0104382906756355,2.02860902216719,1.43819385796081
23022074715139.8,23760864434,0.967392547578784,0.0248986109079987,1.31229633886987,1.00255114357073
23027738906714.8,23543047916,0.975712188630335,0.0154317954144458,0.343060717540284,0.218106800166596
22962000619170.2,24467781492,0.974312848365392,0.0155610146328679,2.90267706778645,1.75942223115974
23012330471975.8,23976525642,0.954361061104471,0.0224516125572877,2.10155025838438,1.03467733040554
23047098587618.8,23293714484,0.840754106463105,0.0902318297327991,0.0422510381224609,0.0239580625621336
23004413426409.2,24240999098,0.971717936384672,0.0250493490667626,1.20864885949309,1.06537284388914
23018814198881.2,23778357930,0.975092298856121,0.01477074971505,0.935498698929566,0.555238928983988
23039137263380.8,23510465990,0.965267161382484,0.0259610077563067,0.219391461643271,0.164094342340997
23026150704330.2,23791754780,0.969698219964013,0.018481489436015,1.00641478977833,0.614273526635358
23043750201082.8,23330400956,0.937570583771382,0.0455169011630073,0.322989791796933,0.235616467736632
23003449494431.2,23952744586,0.981649289681141,0.0100810663119436,0.964018185250865,0.530021569126163
23019716214264.2,23519743456,0.975307652549935,0.0158722309316621,1.04099404789573,0.669538039597957
23037670944234.2,23644141960,0.948211287644802,0.0338372997268015,0.805581343845669,0.52673283827234
23044532668538.2,23321210338,0.943090463727372,0.0420196841870976,0.165933474535795,0.12258597014733
23041477283950.8,23559676708,0.923114652519731,0.0502984089189112,0.717530461346049,0.469752801364463
22982587160443.2,23769588846,0.98372862453742,0.0106434780236118,2.12461656770644,1.39059943125659
22930593094456.2,23610516312,0.983784366747003,0.00995608707759144,3.73700119013192,2.29507691613152
23008327637932.2,24032614294,0.95024258200796,0.0227590436254909,4.80143425815113,2.19841129826561
23033666246992.2,23555687052,0.927910628996211,0.0428504468330531,2.29555226547742,1.36541108902995
23034570568018.2,24535156870,0.8995429434302,0.128659968917726,2.55810663107177,3.27689932558706
23043361395741.8,23685362944,0.871154158683681,0.191456621315413,1.1830446145646,1.75828015325862
23015523645496.2,23959134030,0.961662313044461,0.0226448625393028,2.72309979372974,1.6095901277732
23047924316029.8,23217311988,0.166666145925454,0.333333541850774,0.0677223524072599,0.0271176761547322
23047449039121.2,23245873138,0.804886509602201,0.101455101099568,0.193109230028189,0.10049573849229
23002230944326.8,24479628934,0.917027482678245,0.0552313456264134,7.23308947936084,4.81756984147983
22986672784978.8,26054124910,0.92126970782689,0.0623511710242101,8.98361057019484,7.11849929528771
23047957921915.2,23217331332,-2.08297337264869e-07,1.04906918195325e-10,0.0270890630687162,1.36431390277761e-05
23047588262498.8,23226742106,0.71900637811049,0.171786232217671,0.152109572723262,0.0930467141725598
23047957921915.2,23217331332,-2.08297337264869e-07,1.04906918195325e-10,0.0090021924467803,4.53386530182599e-06
23045999244058.2,23273905146,0.813535428827935,0.224609267309858,0.59434613016139,0.716113125513786
23026198783716.2,23599844670,0.96637312362387,0.0220148525402566,1.16365182991893,0.762271305141379
23046820149160.2,23389581184,0.838028637275734,0.183177705283918,0.344923468029685,0.390244730092855
23035676682967.8,23585520582,0.960526895924736,0.02742131448041,0.61834938427221,0.429856853373815
23001051125710.8,23711873054,0.973362817725189,0.0157570599780529,2.49983563155551,1.47974780881274
23020587241001.8,23577770720,0.965128418919621,0.0204208315913738,1.53382751403788,0.898817045815864
22998941203337.8,23624252094,0.984989680024203,0.00782858664410269,0.480118257048643,0.250595328245719
23046544111852.2,23447058316,0.827594351804434,0.200018889037774,0.108340952740661,0.12573680184079
23031527644366.8,23545019794,0.955645165471536,0.0228904343173461,0.462952891872455,0.230513122333228
23043466970815.2,23339902144,0.95145428974469,0.0248062837517801,0.255078066278598,0.129704232859573
23028588411662.2,23514715912,0.975451860305116,0.0107582532969746,0.667693732077725,0.292936387037329
23020788632120.2,23645059908,0.96623565222351,0.0141340330063988,1.35430225596182,0.56747430433482
23043106961000.8,23416500070,0.921463792976288,0.0381898634143475,0.437615850304852,0.212983362944728
23000598776860.8,24018647302,0.976376449428879,0.0127041264735958,2.31217218652838,1.24452723002594
22988408951229.8,23973722716,0.978043971798355,0.0117795498087168,1.63790815956046,0.879395662781567
22943443755299.8,24114063266,0.982897160365643,0.0080603987092086,3.43434108238105,1.62018727958452
23042434953845.8,23406568270,0.928486831702524,0.0368726651663226,0.820397449920793,0.42339638276355
23041590083263.8,23434935778,0.942977637176537,0.024298333192464,0.593766966309734,0.253299362221385
22989242487846.2,23955557986,0.974312007749378,0.013947630459928,3.61754122256283,1.96592760570879
23030263381266.2,23630734742,0.951120542238299,0.0332197243947088,1.54912885468904,1.05344366556956
23044431879267.2,23301961984,0.922656675221946,0.0417762266745273,0.550476523817332,0.297544431686188
23026645506151.2,23053073346,0.974675480297649,0.0171378268537808,0.97814904630973,0.648407275401688
22955846200118.8,24024654328,0.978550435032902,0.0095160512860184,3.9912744101619,1.77231879517834
22982261116473.2,24191835820,0.970976815597277,0.0159782998326842,4.10175522562582,2.25980691140348
22996527094176.2,23805433020,0.976590180807286,0.0117367794098565,2.3903021976094,1.19934499881142
23027996862658.2,23600922650,0.95436524654824,0.0241860216480305,2.00710644964246,1.06466461380279
23046556116068.2,23379870300,0.852388527486526,0.136775263208943,0.41261351601635,0.382456620183878
23042096598056.2,23367977112,0.943030160506757,0.0349732113784075,0.775708784635774,0.476511045685137
23034162694709.8,23565567638,0.937064007430783,0.0327082760138023,1.67660556985965,0.872026644684655
23034145885387.2,23527143252,0.955228468860146,0.0291983194835536,1.21862246536872,0.795208425871503
23030318480248.2,23486805536,0.968010741840877,0.0210548200542714,1.018985497535,0.671078465057695
22964939785117.2,24307286886,0.969829020069849,0.0196499324778029,4.65093949609928,3.03091966674953
22914247984715.2,24241585424,0.987112226050742,0.00837515783204423,2.45799311759194,1.59826292540519
23030575000382.2,23074135330,0.97446130691798,0.0144344430268878,0.264042026086011,0.146877009248057
22943500533165.8,23978948504,0.989431968326891,0.00737879642629213,1.28739061485191,0.899392059557667
22985778318286.8,23963474004,0.973565666475204,0.0161130397193403,3.77798789136889,2.30437566650123
23042070108417.2,23367958704,0.947056706485261,0.0415992403360063,0.40304853386497,0.316840190319132
23013011889298.8,23746618656,0.971177561490346,0.0219117322782258,1.58514546803925,1.20570765173614
23038808478141.8,23558267830,0.939844358484035,0.0443840079458157,0.787229923009191,0.58120419318371
22961246190034.2,24755027384,0.983023531168718,0.0106514870266293,1.94613091826854,1.22187486842712
23012366357679.8,23736745614,0.982161037955643,0.012348643234773,0.822114802865404,0.565664437582318
23042211711150.8,23531216282,0.909224860525657,0.0678605732446682,0.803908644983378,0.601097561737849
23018142472657.8,23682057134,0.980481108020615,0.0115951520704828,0.786437275511879,0.467585199577854
23047957921915.2,23217331332,-2.08297337264869e-07,1.04906918195457e-10,0.00793362732919081,3.99569303567889e-06
23028394234762.2,23629818826,0.972246033660791,0.0161269876738623,1.0363376705095,0.602654970171216
23039698862164.8,23683567694,0.953935787346696,0.0437051328281897,0.389235324886955,0.369469938650816
23029123422468.8,23764520454,0.968489714160375,0.0193697653220517,0.881346009097758,0.542201941667212
23043034955487.2,23445276190,0.926309884876436,0.0393702258292639,0.571679278370363,0.305693174596559
23017847819141.2,23739556944,0.971909671926984,0.016825171634371,1.28503146694179,0.770297808942932
23024583919382.2,23982901442,0.957159803521631,0.0283767751204503,1.45026766205797,0.961319677832086
22957034082113.8,24638347780,0.975025908802253,0.0126039504972587,4.11051937730639,2.07618540607126
22970199535951.8,24223822432,0.976432867400747,0.0132869312834075,3.51669444852593,1.98438570737918
23029087357255.2,23466970840,0.973527087649033,0.0127534546435847,0.420672165833755,0.202871776592822
22996926477738.2,23959367272,0.977017914004067,0.0135370022648803,2.63842992709522,1.5551909650919
22992428156926.2,24052680568,0.968870304317249,0.0156763804771949,2.60590610856097,1.31332769823271
23016491295591.8,23854182372,0.966597273407327,0.0161935640917507,2.40149265872765,1.16535150729956
23040099735800.2,23366970350,0.94577767987357,0.0247501069533963,0.89357131592863,0.408242197983566
23027261984899.8,23648437328,0.959252129764193,0.0273773709413497,1.64176586808308,1.1037136477276
22879291551494.8,24504904722,0.973418021794444,0.0135046015542105,9.95378148249423,5.06080358400898
23047957921915.2,23217331332,-2.08297337264869e-07,1.04906918195457e-10,0.0105319277730137,5.30430138809962e-06
22949963495662.2,24022346414,0.981792132073193,0.0119244630080318,3.41674577993621,2.2393313947928
22892860409338.2,25113714444,0.972110912433405,0.0196804746664553,8.53547529536626,6.02678243819883
23038693579578.2,23385469922,0.939593638533801,0.0348132557633861,1.27078109529121,0.732869907444765
22992625508325.8,23851589392,0.97523486965328,0.0133537425782446,2.88273553300415,1.55554132343811
23040836531075.8,23444159436,0.955539799551478,0.0269993188774691,0.628647316669546,0.382042251247899
23036286715676.2,23489867362,0.9447198311393,0.0332506405009824,1.4746821383977,0.887613006294165
23021584748113.8,23607206860,0.947796331360498,0.0259080777343755,3.14227952135393,1.56073460336498
23005343738404.8,23743139896,0.963964788714169,0.02063725263542,3.18102837467483,1.82303870463597
23041743729621.8,23348592650,0.944311854583919,0.0348145070441989,0.718118677820267,0.449221839797801
23032783442544.8,23411273056,0.97013588725819,0.0254393555241623,1.08870983911335,0.927816907387412
22977410315677.8,24188465276,0.97758869416934,0.0150992240883041,2.39197011519742,1.61269871153315
23036406197083.8,23413090286,0.979054322378819,0.01267370158374,0.242340130078759,0.146733467172164
23009959261238.2,23917773140,0.967081075191329,0.0207678398972099,1.93174028716835,1.21944431976614
23019924933289.2,23500652404,0.971619964748591,0.0197590485582708,0.960086385401646,0.668784518157673
23031616438922.2,23535428842,0.95513357363484,0.0246191432801669,0.554163086348074,0.304313564344619
23026966322380.8,23456251424,0.968053174185895,0.0268721712994678,0.666642440038957,0.561006830679975
23011200689697.8,23956860436,0.981797173189486,0.0111386081980732,0.832547574242231,0.506782669835019
23047038570599.2,23236080118,0.933305546616695,0.0286166436627077,0.0657487517450228,0.0259341978679486
23038705271852.8,23491061966,0.971918973756595,0.0218056077749061,0.398129288321315,0.308553488015205
23036833363794.2,23480523992,0.962061950082744,0.0225374015762068,0.310036027430634,0.184098392732477
23033800056540.2,23584549196,0.965877639935144,0.0363802151246627,0.188874052315889,0.199255374781498
23038033296636.2,23385122506,0.960750950639678,0.0146556454979123,0.378598391174335,0.141556148375911
23046652121994.8,23447067980,0.71164362140124,0.341067714060476,0.122497803926958,0.144920651786663
23046834547344.8,23226355064,0.862692214750205,0.117711919660418,0.168616749048966,0.144609959100057
23037783719302.2,23480998184,0.953555734985986,0.0225027420388944,0.438532097786076,0.212647683321396
23039528460561.2,23443488616,0.962477177708932,0.0217198052680179,0.383781837031069,0.222322442696817
23022771024057.8,23713352608,0.971128594539042,0.016694002332584,1.47504005454443,0.853595139600723
23019140532253.2,23672995362,0.976763126391199,0.0135436492926008,0.975907948736033,0.569220720263976
23046652121370.8,23245471224,0.909069522156648,0.0572488531142407,0.20124227234917,0.126773054230821
23031083788414.2,23631142966,0.962206666887485,0.0217037146898186,1.0140401851058,0.582754419559914
23044703088746.8,23292487140,0.915198629226246,0.049670194754714,0.449859164915876,0.26366637439878
23037226945690.8,23499899460,0.955486778704201,0.0264849300043916,0.638382550423139,0.380109703308055
22991551653116.2,23908125252,0.977069303632895,0.0115236533035918,1.54467271861314,0.776918185077713
23026123109079.2,23542333068,0.96726082345072,0.0180693825246341,1.56942429257475,0.866846741388677
22946590212453.8,23780351300,0.982921185080858,0.009672536413042,3.38762885819817,1.91992244634039
23044811100937.2,23321351488,0.939860263149298,0.042625675137655,0.262208841556235,0.185948161974906
23036941473497.2,23432568322,0.958591481423575,0.0212720285056234,0.9070418813231,0.466413417904809
23044071913051.8,23292151570,0.928543490318436,0.0641710126024351,0.692513020198891,0.622161831899999
23035406149777.8,23547013690,0.948818253345137,0.0245763866504701,1.49340767991334,0.717843410539779
23043085494675.2,23397286658,0.943368272800716,0.0402074596260589,0.692198959212493,0.491756044562611
23021158082031.8,23635819330,0.959824182576445,0.0185937890767766,2.49489177166016,1.15567282129235
23033481376231.2,23584436874,0.950972457805293,0.0252972451395205,1.5751260857919,0.813487722220798
23022227955889.2,23405782912,0.949302161226756,0.0425860565093448,1.82533827592172,1.52950437096853
23008475010240.2,23773308650,0.964951473631238,0.0203311117385729,3.15572626333846,1.83176807278157
23004977776209.8,23713766280,0.972617416998092,0.0149320946232879,1.89706590898867,1.03522871184103
22984647282474.2,23780561064,0.972353451927719,0.0146686644021481,3.67516106410216,1.95141832195196
23003056976048.2,23837424972,0.970210378137282,0.0146527852556395,2.01281690054758,0.990844890840195
23045226352944.2,23379183850,0.841672557331238,0.0779781248571068,0.706528710315094,0.348259855911507
23040066140547.2,23510974786,0.934946491134942,0.03280055363215,0.960110203849803,0.484547794375032
23030133522270.8,23342691056,0.970489971466397,0.0185766899744479,0.509595623666847,0.32099430386262
23013059777056.2,23593109328,0.978009667562513,0.0107959486602266,0.939268669377659,0.461491844785086
23020189489155.2,23635321098,0.965490000546035,0.017801320134239,2.1839685376716,1.12743339177442
23032871621549.2,23545721404,0.963159472443848,0.0174040381567849,0.99402614528545,0.470050941246614
22996432138890.2,23719325902,0.969969787926523,0.0150022319630209,3.38336851102733,1.69158657795419
23035302330775.2,23489348640,0.967342905477613,0.0183061877124362,0.664081607185127,0.372543089444384
23017468622143.8,23518597870,0.97434864544584,0.0188931746112292,1.20582011361893,0.888597364751006
23021737473136.8,23693648612,0.954687058405489,0.0186290592429478,2.5488776356653,1.04911020223572
23038434251761.2,23433347266,0.930102847270345,0.0336388245982069,1.42457825989431,0.686162816377315
23030508656513.2,23602126870,0.946337375245794,0.0283958579616241,1.97666633429174,1.04676765669006
22959142051667.8,24103055146,0.967989229114695,0.0189477997387077,5.25562358921747,3.11299736805594
23000929082599.2,23798107240,0.971342306830442,0.0164126019601624,2.41233978526474,1.3825164504073
22979964143163.2,23969257982,0.974308386601404,0.0183597620360935,2.10307749978468,1.50378961555323
23037675734268.2,23413700402,0.963664330333829,0.0310626319113194,0.537158209814504,0.459394224382472
23036737506542.8,23461268706,0.952658992783507,0.0284166108060153,1.00123143230136,0.601386936221032
23038789373890.2,23462282704,0.928300844169278,0.0507572084422689,1.21527344878772,0.860784781104803
23035443949113.2,23460604240,0.95100535119528,0.025320184886656,0.812194654912254,0.420050143081676
23042437369648.2,23416152752,0.925007519101342,0.0392387134794701,0.770886930834418,0.403672462673586
23043608594153.2,23416763310,0.928208864835099,0.0430423836587837,0.225615429643695,0.135377690104165
23040560459786.8,23386409016,0.961859324389083,0.0215732237299183,0.373811600927357,0.211579265774929
23013275442789.2,23717960084,0.975761885545192,0.0110117859375738,0.78183956444193,0.3555649778714
23045207141456.2,23311947062,0.935672964338587,0.0393404047446966,0.3092701519758,0.189263967718688
23021712848987.2,23827875952,0.965306291589589,0.0222300425169601,1.6924345216747,1.08528450604837
23044602278621.2,23369272378,0.940667249748186,0.0426638753646378,0.225604620013479,0.162322367247793
23045274347204.8,23321580042,0.927101261111947,0.0353881188555443,0.336784977213749,0.163633166919036
23003279800807.8,23933498652,0.977357334731848,0.0152826680816134,1.39849442641983,0.939367788666053
23031511030064.8,23621761510,0.970623144388706,0.0216089203833403,0.936629529067801,0.689381318521823
23021871210402.2,23655271886,0.971293145816356,0.0151479702270674,1.48851165339788,0.786147085828971
23011494006986.8,23889824320,0.963059800862953,0.0204462867491552,2.19758413415935,1.21735665774873
23041486890128.8,23434863254,0.924700785772878,0.0397657899083533,0.728768869088151,0.385219779765684
23047957921915.2,23217331332,-2.08297337264869e-07,1.04906918195404e-10,0.0148811752691674,7.49475692750877e-06
23047957921915.2,23217331332,-2.08297337264869e-07,1.04906918195457e-10,0.0161676193561524,8.14266178437648e-06
23046906557095.8,23293607772,0.901346308886484,0.0760448571323394,0.153478312280074,0.118383673599935
23045977633787.8,23341152084,0.908361048847863,0.0657870793395047,0.337049243232337,0.242124579771123
23022254294183.8,23492227578,0.970407127613426,0.0142449359963892,0.839848809293912,0.404009413382613
23047019374926.8,23264868432,0.853013906585825,0.0663770896706327,0.271300595742727,0.122642910538508
23046088047557.2,23264369554,0.865634041983272,0.109610472614877,0.463394733569335,0.378189422011265
23034290067609.2,23488855486,0.956819676638258,0.0243667508931227,1.25024785170137,0.706129438226689
23008659698867.2,23629554670,0.964403249769466,0.0183974774068256,3.17271651429665,1.64102790431266
23036730158464.2,23154047126,0.959286116140946,0.0215784648800417,0.633960914642858,0.327305542944177
23039043771347.8,23385644160,0.934367558397333,0.0366416849910176,1.12362856821831,0.627751044253784
23047480246062.8,23284299530,0.798958381233026,0.17113476473783,0.150940551733017,0.128561785141871
23046085646641.8,23341214880,0.896441020130176,0.0719482202453022,0.164218821872775,0.114162350635244
23046013632577.8,23273948722,0.926231623236165,0.0623526639894482,0.120377551568839,0.101802202018069
22926650331666.2,24470065664,0.970644145029402,0.0184558178723404,6.77768038173228,4.26378485753449
23045975228845.8,23341127332,0.918221039237067,0.0825632359139751,0.0997525301307482,0.100728165959335
23037440592566.2,23528827476,0.952948259707665,0.0255997891043473,0.868388853380029,0.47287338789947
23033296170925.2,23517088640,0.949948114275985,0.031784682740954,0.888293849906807,0.564470155917816
23037373337578.8,23423184968,0.956560311379506,0.0215039783133583,0.305341438588205,0.15127273173826
23039499751240.8,23443441380,0.944584246650673,0.0428240309717903,0.950440915370034,0.734859816641866
23037418992209.2,23413620954,0.960667434646126,0.02095423233773,0.658234953624558,0.350934858764322
23039627022906.2,23539559238,0.944563474941349,0.0394272820983698,0.972943739661766,0.692450905297965
23041537316305.8,23377304110,0.946265634754014,0.0257315663738562,0.623863982113865,0.299005103968888
23040908478687.8,23453790930,0.94658267085192,0.0314199855395079,0.616395648369404,0.362857157526122
23043853407756.8,23311271754,0.936580706808088,0.0317278196569352,0.368961884120691,0.184730210558979
23024471336932.8,23656542784,0.953504076594965,0.0255780629536658,1.64896786266949,0.907770353283972
22975738239658.8,24340874198,0.978687145320571,0.014017084285305,1.26043840171864,0.829470737066159
23018792796701.8,23739978522,0.962815386935918,0.021850555150755,1.77287459966592,1.04246786490945
23044290267083.2,23378688226,0.916448692162879,0.0477854682085281,0.685531804601349,0.392370838256648
23036787795974.8,23634019800,0.927874602312403,0.0493949431139284,1.2115908390372,0.830261163572567
23012013824831.2,23659734014,0.970550754950828,0.0168965791209168,1.07040796016702,0.614569344398165
23031865993088.2,23449162290,0.935146323468755,0.0273658144120802,0.659296630786552,0.278457583798546
23026793562485.8,23532913314,0.966851190263975,0.0230394322209891,0.311827683783665,0.216859842192773
23007106668289.2,24040936024,0.974108791042176,0.0142764980492954,0.556225357856049,0.306952872007071
23036458972917.2,23307552086,0.986173502838609,0.00704928955745221,0.237532853810556,0.119574305805287
22978755685518.8,23968637544,0.985424095077699,0.00713955909122022,0.931970887136933,0.456942949809986
23020721474872.8,23721807304,0.975425059827105,0.0146424421009292,0.985227658686558,0.587497460125898
23007219395774.2,24117752628,0.974480052573887,0.0166770300761093,1.30756115820695,0.855100963645395
23046282470557.8,23331703270,0.873190822876937,0.0785406750466011,0.0989575217873182,0.0613379742204321
23032612279354.2,23449529850,0.966137705168235,0.0211040912181956,0.78519343294428,0.489668697922409
23034683193323.2,23757780602,0.961909781400037,0.0253092224615628,0.492804330353923,0.327664790241464
23043061362647.2,23157234658,0.972351636601118,0.0254766429386581,0.244700253308978,0.220823256708493
22960640999243.8,24295624416,0.97642142497256,0.0162854357510471,4.32110274200922,2.98637244517667
23020388436037.8,23721655752,0.969360483954578,0.0161350397460996,1.5483470423105,0.816041750667345
23041530074673.8,23444479506,0.951062582108228,0.0295191867682658,0.314220938890379,0.189702911893191
23030998251208.8,23803943942,0.951257612645982,0.0341218974581574,1.88348563454249,1.31947147522181
23039031663849.2,23328029528,0.958937176524974,0.0210002937315071,0.462227298772529,0.236576542066015
23041590220850.8,23454149554,0.94239674221978,0.0393761488112218,0.864052923487937,0.591046944779365
23004025199462.8,23723283320,0.97587500662419,0.0123898157815272,2.63339960419243,1.35349460175772
23036607769815.2,23125169372,0.971781744621639,0.0147269094106115,0.37836865673929,0.19517936100455
23024725616141.8,23618298646,0.967347042487479,0.0202131122387338,1.22387133435442,0.758104862118356
23007350023672.8,23762997894,0.971580948463805,0.0155713216376482,1.90799141531319,1.04618859645498
22999591352846.2,24162062880,0.959413524382981,0.024450504305239,3.62923001498269,2.18791734485553
22991474572444.2,23735725700,0.984481768628322,0.00981163238391825,1.59890557391012,1.01159608496547
22987243581340.2,24002702770,0.966582186537177,0.0194195214227282,4.81621862853657,2.80066713791234
23036048768713.2,23595290956,0.92039557335099,0.0298391190555822,1.5554909954419,0.583812533563777
23030712723095.2,23582996086,0.947727359201418,0.0256002883205363,2.16648539034524,1.06196465042133
23047957921915.2,23217331332,-2.08297337264869e-07,1.04906918195404e-10,0.00522576250878857,2.63190366727329e-06
23047629070104.2,23265168664,0.643495493397264,0.225617631276476,0.0363916595348922,0.0230491338753112
23042643830129.8,23425898804,0.934367004432441,0.0399922892488693,0.818353919711073,0.499002257572859
23037118990974.2,23327027026,0.96279311043715,0.0339858507411399,0.697373324582832,0.637240331987909
23022100949256.2,23713069996,0.958259219986408,0.0234552903396599,2.50395783891024,1.40805327630532
23021824638362.2,23607435448,0.958717949437561,0.024437679323118,2.39518433733355,1.41885365422068
23028161559718.2,23562522642,0.966881253038628,0.0171679481302123,1.31243337457413,0.680958989575931
23047494646822.8,23293898824,0.716069937360326,0.317307347554389,0.292142149797678,0.326554202007196
23039494999100.8,23462670482,0.947432214908469,0.0259840243200058,0.949157711181078,0.469604623131821
23041203767173.2,23367528768,0.915777431743854,0.0442508761083019,1.15101717698019,0.60521523617087
23047350627195.2,23236215700,0.792345882676921,0.215046326234169,0.262737297397974,0.272176731499642
23045454387399.8,23254461312,0.895964347902608,0.0681354637507351,0.609212474738794,0.39921098290179
23007575573529.2,24060829992,0.947987843518869,0.0243222800336496,4.82485487364163,2.25818696772549
23046781738876.8,23264732514,0.909006793793433,0.0877787569263522,0.0526778563540191,0.0508378935642676
23035110770990.2,23374074160,0.956475355030949,0.0243134603218979,1.2520951228544,0.699915062484908
23033174885672.8,23497910206,0.956995374859755,0.0161502511858158,1.55274627969807,0.583871391355895
23013224375973.2,23641452012,0.960457203457579,0.0188640534842475,3.10070535659117,1.48043745298623
23044765522746.2,23273327818,0.902211959846198,0.0436296096881554,0.740264133965822,0.330570703600286
23002345808156.2,24057847584,0.960470276728625,0.0210667249277455,3.01413255998741,1.6075178000638
23032910088281.2,23516932648,0.947179938120414,0.0262047295156599,1.48758063302417,0.738609223839257
23042338930060.8,23512129216,0.914960459801894,0.0580708295630296,0.715490492234054,0.488901557443052
23041165295451.2,23396311986,0.958155397779389,0.0238525411248106,0.513392965857101,0.292895478811434
23046440891998.2,23312577954,0.912810111054775,0.0652947059341323,0.109643283247747,0.0821634734493257
23023189113768.8,23598467804,0.960396344852474,0.0211839461283951,2.03704857137664,1.0904173262254
23041520631486.8,23444490522,0.92020706328856,0.0461746539885094,1.19127969329128,0.689856717662086
23024075364798.8,23771438456,0.967316431622536,0.0225793973711349,1.05239286035396,0.727476604898289
23044381512201.8,23301944386,0.945593655058925,0.0274022716582306,0.44797121325354,0.225809058725242
23022160264906.8,23904964634,0.947522541579346,0.0315037723162795,2.82734223215675,1.69848914808265
22988273858654.8,23839413246,0.962774010224539,0.0174524871059383,3.69849727179509,1.7354242012547
23022998377156.2,23684676356,0.963127387675804,0.0200706702101381,1.67203859294275,0.910939210286942
22970436967331.8,24204946804,0.965261841281931,0.019731231453357,5.63588984998665,3.2034623995278
23036423017982.8,23537908954,0.943116889971456,0.0321317702188761,0.897391956648052,0.507326835011276
23028559643638.8,23572296630,0.963839513375273,0.017370942023734,1.12164836295673,0.539260564562884
23019052077791.8,23682583138,0.955915619411241,0.0276280157214327,1.8990716778603,1.19089154979657
23044350250021.8,23359512778,0.938534873393104,0.0346313211562829,0.142907126756996,0.0805811306285178
23026023547079.2,23618927034,0.958711513089511,0.02737979343135,1.35630584682766,0.899916881520676
23040795687023.2,23156071314,0.974356912365713,0.0205626638622906,0.354145680201822,0.279720280996548
23014748621761.8,23747545552,0.967745778125375,0.0180964118317266,1.67923966884489,0.942808594510248
23009092482572.8,23638979964,0.973153883392265,0.017817608055731,0.515007565713837,0.341999661037497
23025589304479.2,23628352808,0.959065609889753,0.0233719543611274,1.46983536915708,0.839821475868174
22991092137138.8,23773623356,0.958847345468214,0.0284421423083563,3.63669932589865,2.5147797435316
23040471670716.8,23424707838,0.90371601350115,0.0730041188440272,1.12916685021567,0.856594386066159
23036360616468.2,23566642676,0.941051570852654,0.0375722121584487,0.732194047867935,0.466986594060406
