22978794098510.2,23259103478,0.962351327823556,0.0230309011194368,0.257893313673936,0.157610541474865
23045317550347.2,23340816200,0.865449873660418,0.0640488692404042,0.146601914016926,0.0698581887124403
22916586499511.8,24663850598,0.959507009603797,0.0199603143070609,1.76216759926852,0.869374054901865
23045564779757.8,23283319804,0.879684223547979,0.0767977062525214,0.105324702383411,0.0672694799603354
22529416752538.8,27901330720,0.970432868249193,0.0176905725790991,9.72402905011057,5.821998838544
23044071830759.2,23512983586,0.837868667297196,0.0963306917300945,0.0551267540398157,0.0327815676540163
22955946143879.2,23688328894,0.975752227536789,0.0142229383658709,1.17887659197129,0.690884319301672
23046424091522.8,23322172182,0.801622092700087,0.161123798518608,0.0267794847925946,0.021760152340224
23044079028534.8,23359391140,0.945544607215841,0.0398431663725821,0.0612594852670125,0.0448493541373653
23042406125485.8,23483341486,0.841770997773544,0.0619415000569499,0.455347262050144,0.178446076588638
23035175123503.8,23546874468,0.90869274788204,0.0399507899621718,0.323452336346087,0.141674471580769
23046188857710.2,23331640164,0.881041325919656,0.0864417337460958,0.0838486100758829,0.0609678613699959
23040063658139.2,23472521288,0.888473761375689,0.0600068520297693,0.341701106382406,0.184002066734691
23042074902359.2,23406384720,0.895385078812006,0.042028828945977,0.382602609891502,0.153890745981853
22942005822442.8,23719468854,0.961446809163743,0.0163013794516466,1.26068746218956,0.53320195898749
22927657930501.8,24516519864,0.949406012488233,0.0210870041337774,2.92034267283733,1.21832177246963
22899217170103.2,24549205016,0.956125994191721,0.0180900911219607,5.02972537484777,2.07624661200897
23046577712647.2,23370260280,0.800660212446587,0.139685787940186,0.173324795850394,0.121542987766543
23024612649597.8,23666202384,0.942765289153825,0.0327701199460299,0.993266241929844,0.569122376575879
23016707981442.2,23690926866,0.946225436771569,0.0254355667295197,0.823572544431255,0.38989026655555
22976241526583.2,23919353994,0.957809762910161,0.0262493047040261,1.58000099265779,0.983610828832568
23045012718411.2,23321458106,0.951824397267778,0.023996750200052,0.0371700556266169,0.0185300539594652
23045027122245.2,23302250720,0.86394257410205,0.0696717251900848,0.294391903629681,0.150866019112845
23044059826522.8,23340179278,0.907149861101848,0.045291389108405,0.302867313784276,0.147860193255479
23047240207328.2,23264969974,0.790734503682878,0.11611238106985,0.0568871821402666,0.0315893382203796
23046894557362.2,23274394750,0.802281399280625,0.118064257288148,0.0841074405205824,0.0502571166141806
23033833681768.8,23478939352,0.908155080774714,0.0485632245610338,0.544290589548233,0.288008306020471
23029144954923.2,23572540800,0.926276866695251,0.0378324626097094,1.14413701052826,0.587603436288445
23037234148604.8,23499909060,0.921987449535874,0.0379544635592622,0.680780759815794,0.331483662147257
23002022545094.2,23347593870,0.946612856865405,0.0306418287303253,0.92186362142322,0.528698541914593
22653228567121.2,31213579342,0.901114434136253,0.040234666693274,24.8134476635989,10.1060405965187
21151456203074.2,38859555570,0.958282717658827,0.0195112593905923,26.5364735783876,12.4216115480012
22574236180463.8,25734018102,0.967105200202895,0.0156612275721525,3.098470445948,1.47559771515265
23047909914869.8,23236510874,0.249880760672548,0.493437071067698,0.00197599149186911,0.00130074516255151
23047957921915.2,23217331332,-2.08297337264869e-07,1.04906918195351e-10,0.000453671506064314,2.28487172645119e-07
23047957921915.2,23217331332,-2.08297337264869e-07,1.04906918195378e-10,0.000106648214465073,5.3712319740269e-08
23039742062346.2,23385965344,0.918630427844894,0.0488448086436789,0.198157117248393,0.1190278846874
23047957921915.2,23217331332,-2.08297337264869e-07,1.04906918195351e-10,0.000920257444349007,4.63478571508837e-07
23047957921915.2,23217331332,-2.08297337264869e-07,1.04906918195457e-10,0.00650929043365923,3.27833982789651e-06
23047900313005.2,23226901758,0.399645922509831,0.373137565164615,0.00523635068475649,0.00325669776138632
23047926717094.8,23226916268,0.249486268932472,0.341135139600408,0.0038073482747077,0.00173231271749735
23047941119461.8,23217321660,0.124925341342334,0.499703031425377,0.00981397677847478,0.00560763525861379
23047941119461.8,23217321660,0.122604109627655,0.490418089092834,0.00274657466462899,0.00153616261143434
23039506854557.2,23731486964,0.881682742637803,0.114080447511013,0.288969947956781,0.277924949533865
23026565682371.8,24195109032,0.872899582715475,0.0685624575608179,0.672572144286505,0.363114578014753
22970415629011.8,24472398632,0.941011243464507,0.025042384935274,1.70507228593791,0.724649590215191
23017242919945.2,23787120636,0.939960707604496,0.0360790392236046,0.874876032167918,0.526093885360634
23011807534905.2,23918660146,0.94021371177112,0.0282103051374698,0.713988446513279,0.337245830391825
23041316474798.8,23453994700,0.901382352539576,0.052181484950802,0.268518873701826,0.142203597307501
23044539880479.2,23714810646,0.799761995498805,0.194217332987106,0.705807489806002,0.684716431965965
23033814481880.2,23392551310,0.925252722769569,0.049386179274914,0.259455247966392,0.171522182227753
22820602553822.2,26016667500,0.937393223364337,0.0271342343391814,7.02222803281225,3.04633745266474
21104417254268.8,29239598070,0.959973669555571,0.0188149962022841,16.0533622214,7.55237358789466
23047909914867.2,23236510878,0.230043702277505,0.461166543177797,0.0181598321695281,0.0108853456424178
22784867538225.8,30158378160,0.926847332264814,0.0315755815697236,8.10021111127674,3.50025007637804
23046880154354.8,23283989106,0.861574071602834,0.0883351854485424,0.0749458411182145,0.0478574499738443
23039274073303.8,23491339386,0.889387629568742,0.0424399571937382,0.937476709032617,0.360068413211617
23030241509311.2,23553944340,0.936248323029292,0.0280495010174531,0.1793847283276,0.0790124120967206
23039494842199.2,23318694752,0.961373282694066,0.0241366708919514,0.292887580204446,0.179277219437295
23044566269593.2,23302022612,0.89518911947785,0.0440903212123962,0.175282852471847,0.0738104285349652
20488052958525.2,33385403870,0.968919421110779,0.0160444142038404,34.1400885000341,17.6369104035149
23022367092947.8,23876253932,0.934384647082735,0.0364064849773922,0.174570885285003,0.0969384989050311
23039610067030.2,23491538050,0.866115752618146,0.100793246623472,0.0671904851318289,0.0506095753468542
23046222460664.8,23322045888,0.868102019632391,0.0935000814686765,0.100942889055969,0.0716029647275348
22899061828104.8,25419927540,0.934668940602372,0.0302847799991962,6.82635187707661,3.16709247322475
23047957921915.2,23217331332,-2.08297337264869e-07,1.04906918195404e-10,0.00770533349510151,3.88071510123468e-06
23047924317014.8,23217311988,0.164862712418219,0.659453345435982,0.0429417361618388,0.0339220645168456
22558579104691.8,26788712850,0.958273378428758,0.0184575272507403,16.2602047541063,7.19898145435079
23043531788613.2,23339897442,0.861389641141053,0.0843884269188311,0.290520663637727,0.176989564661221
23041388475556.8,23559602382,0.875064241311615,0.0727720564814304,0.753637057107011,0.439377265953084
23027227848341.2,23571530254,0.947329322889819,0.0303579468239824,0.427714597616755,0.246693893928527
23036888588151.8,23739654936,0.867664755457028,0.0848923797266896,0.841718658695767,0.540318441865092
23016830343841.2,23892482308,0.917644561067103,0.0390169688651457,0.877684585414059,0.416176127972517
23040296460420.2,23415031682,0.917274620055989,0.0586882412558801,0.293157656098764,0.208091336700319
23033058594017.8,23478582528,0.92822136915397,0.0373610482741181,0.447765235428279,0.233234233005598
23035928621182.2,23201632032,0.954348933910467,0.0235276281487904,0.0544275797461332,0.0274996215012422
23046052043484.2,23369992624,0.886566137104299,0.0901057427207502,0.362462509610228,0.288083121635982
23045437564781.2,23350463728,0.871805914073444,0.0782065610343904,0.213785984146136,0.130522032680102
22210434220991.8,35365747142,0.925586628173532,0.0309560098329212,36.9507789890954,15.3864489664645
22968536982299.8,25401089338,0.90679087803474,0.042078874992807,2.56943463152987,1.16122974704337
23045089523900.2,23359868086,0.812499128464901,0.130993802163431,0.27929615756637,0.195165144706056
23047957921915.2,23217331332,-2.08297337264869e-07,1.04906918195404e-10,0.00352605659075147,1.7758635714126e-06
23045771205584.2,23293035210,0.88889898618936,0.070750530051168,0.2314455946524,0.147482346970621
23023252342687.8,23867038416,0.912860394840669,0.0405662683080072,0.599239833273364,0.279224093085287
22950738413461.2,24471333518,0.948851029277209,0.0244881651844182,1.90624716368263,0.913440857760397
23044338254936.2,23359517680,0.895575932601996,0.0660750199192582,0.0615939491909288,0.039001381684383
20655574167934.8,39408162288,0.961881542820271,0.0175503458162566,9.70295702493681,4.45609813088848
22723521516483.2,28459013780,0.944570102020776,0.0213215457703196,4.80327711155038,1.84958537719597
22994853137052.2,24274314326,0.912836005323658,0.0383265410339312,1.38986329951987,0.611688548482649
23047957921915.2,23217331332,-2.08297337264869e-07,1.04906918195378e-10,0.00149974051591509,7.55329496347594e-07
23047957921915.2,23217331332,-2.08297337264869e-07,1.04906918195351e-10,0.000959833930185655,4.83410877662421e-07
23044448666368.8,23484398678,0.882812488838092,0.0974631577770554,0.0582760559426558,0.0484953088446741
23047957921915.2,23217331332,-2.08297337264869e-07,1.04906918195272e-10,0.00160138959532711,8.06524051099938e-07
23047924317447.8,23236520558,0.169072594941224,0.676292862258395,0.0356640497780796,0.0290390467981783
23047866708797.2,23255695228,0.307639782975758,0.637756287711604,0.0576542660615036,0.0531276913530817
23047883511007.2,23246100632,0.383666997387136,0.486966760576589,0.00996848625110367,0.0078802607369726
23042334109611.8,23348897728,0.891109000271855,0.0417930545007752,0.180444393597157,0.0693295298673558
23038868471667.8,23452748930,0.914221480082482,0.0386164886333229,0.292135992114796,0.131658530960208
23026407292604.2,23676759394,0.936463480212247,0.0269427779019046,0.41405244335515,0.175773941916661
23033569711619.8,23392448862,0.930836832608432,0.0297850605421156,0.287792938238157,0.124054596060556
23012083485403.2,27305179128,0.86570816790603,0.15123430845816,2.47831056354996,2.79152493994455
23039154082870.2,23932782198,0.861875305282474,0.0830408066077485,0.318887190996144,0.191854552670179
23047840302326.8,23226872724,0.57830207542159,0.113343029497123,0.0289692169960673,0.00780139972165143
23047278615731.2,23226577622,0.698063804025208,0.247233322823733,0.0485202892353243,0.0397451478527988
23043450190145.2,23560652488,0.846589825855638,0.0932836707569707,0.226417279324646,0.137773609797244
22845737587782.2,31011540114,0.911752421709379,0.0445452608304782,5.05386257224157,2.55313626687081
21709212201076.8,41978858982,0.935676322339857,0.0240542190296277,18.0604574819826,6.76145207397963
23046839350203.8,23360792504,0.778662140316168,0.158179091374088,0.0115606290979053,0.00826719715471407
22304750658158.2,28753539762,0.960547834164466,0.0153459472544218,1.34325833395338,0.52250010678996
23047172998481.2,23284149152,0.821808762980874,0.0900589571971547,0.0414495095693459,0.0209696666619101
23047485046959.8,23265105652,0.748205258665118,0.116067628446013,0.0173788524713486,0.00801903427813031
23047957921915.2,23217331332,-2.08297337264869e-07,1.04906918195404e-10,0.0110685016020411,5.5745414967931e-06
23046844142797.8,23255176922,0.884929105114501,0.12477456049573,0.0178677858943848,0.0181636560586917
23039199663822.8,23414510032,0.92650387631043,0.0352875907154115,0.248826566439786,0.119590391989762
23035772659185.2,23412768606,0.934172081667503,0.0311754257930773,0.184497593405886,0.0874498432647897
23044266247805.2,23445881298,0.897438073177738,0.0664979319529733,0.328638083604276,0.213244984917948
21500548234852.8,38789093192,0.94606265923345,0.0234538833444797,35.0596645077768,15.2611638753877
23040075654120.8,23414978100,0.910953379166821,0.0329250150175284,0.232777116456351,0.0861793522461669
23037992504281.8,23471508624,0.909798029792901,0.0380487693408436,0.50956859197117,0.21518187676506
23029041763692.8,23351742448,0.926352683888458,0.0314387413571428,0.504242166308293,0.214969569904504
23041038070033.2,23597851970,0.908537866099619,0.059543657717788,0.510769516340397,0.332772397744117
23047957921915.2,23217331332,-2.08297337264869e-07,1.04906918195325e-10,0.0084002132674755,4.23068443454293e-06
23028468330370.2,24032826008,0.915320042084392,0.0580682335036207,1.22200985845476,0.838638325847928
23047957921915.2,23217331332,-2.08297337264869e-07,1.04906918195351e-10,0.00300989589652403,1.51590433641966e-06
23043274970187.2,23493311626,0.833922770062797,0.1643702169327,0.779878434263704,0.772198424104032
23034536804908.8,24285545708,0.870024076845222,0.130637449293949,0.717135708355362,0.720927218822727
22967935461712.8,24624302142,0.93638694363362,0.0256194450091715,1.43792753947192,0.579697496884579
23032770643499.2,23603210720,0.920919957604528,0.0401110860870008,0.636455616048439,0.323086398082813
23008502490027.2,23840217386,0.922264438342069,0.0360376491063898,1.39526478187371,0.647509450687913
23041258873608.2,23377137472,0.858280417330687,0.0689088510782181,0.204130526190562,0.0993408914252115
23029912774210.2,23496164356,0.936889174454026,0.0335187757409052,0.45302415266624,0.240792637013831
23010615472011.8,23860425864,0.951958824455283,0.0287277999082349,0.763156540097443,0.456677798674612
22987142863005.2,23464707246,0.965871648526902,0.0193680494636518,0.548946125869204,0.311142221331041
23046582511984.2,23322259664,0.835890084597414,0.0995985819291113,0.0669312599335544,0.0406509615074878
23047643471818.2,23265183198,0.712578731654305,0.194006663894453,0.0316813990539978,0.0213991105059411
23004646101693.2,24336785200,0.92277178345611,0.0497623064100355,1.27174837554081,0.819986120257575
23047957921915.2,23217331332,-2.08297337264869e-07,1.04906918195351e-10,0.00759243636182013,3.8238555752591e-06
23037999713234.8,23682634902,0.894527597776807,0.065713710821524,0.379887893007902,0.236859786949898
23046654522253.2,23303095330,0.838845273214407,0.07624578546276,0.106262952025099,0.0503222060436938
23044604688420.8,23609308852,0.859755756565782,0.148068018544932,0.191358498581473,0.202103643632069
22999775684782.2,23595878990,0.951837041844069,0.0184655745618998,0.340204290953561,0.13037236367489
23043190959160.8,23368527350,0.908450310930873,0.0531187098103624,0.0925652041209877,0.0537431915125631
23032285912243.2,23583772836,0.963935063919047,0.018496354057339,0.131378317004978,0.0674395945010236
22996526668908.2,23853359046,0.938212509152578,0.0257248052966527,0.438819100860444,0.182672335573995
23043325369044.2,23445368498,0.898650093228243,0.0739259427769582,0.215640357410395,0.157388553740019
23034759966323.2,23498640952,0.921573695489108,0.0408796031270051,0.378469421121683,0.197438369756997
23043711799727.8,23388016510,0.897013244147897,0.0547283162076858,0.15739709525581,0.0837147981232218
23045727999471.8,23254600476,0.895219749714497,0.0585297439199223,0.109316635349279,0.0611056026855348
22167415949524.2,35087928634,0.936341422120052,0.0253681685303131,28.6293919000597,11.4224394363123
22977511877806.2,25070629160,0.918747961415278,0.0458757826425696,2.03405709645146,1.14936199551961
23039547670882.2,23606723106,0.826353179064952,0.124139251066581,0.361460048116886,0.25856288462886
23046380891969.2,23418177970,0.755529774787424,0.177126582050357,0.256330893535149,0.185834670638961
23025162076991.2,23704882038,0.920625184767266,0.038633567929981,0.782565019311231,0.381256982588453
23042898144140.8,23406799462,0.879533116221388,0.0572500965147782,0.198452888453057,0.0944067030423699
22936134064673.2,25105326756,0.929281255849212,0.0275358281427613,2.70504970802783,1.0543407759397
23014541942900.8,23843339950,0.941218064954257,0.0225649914861625,0.700029857627298,0.269009508765711
23031978766822.2,23516438110,0.934816308911999,0.0220090642713683,0.605544424856548,0.204753406016216
22776887031103.2,26440391906,0.93848891808867,0.0260273838546619,9.60017948417898,4.06601476421243
23022578190206.8,23684339352,0.94435946800337,0.0291490996418571,0.935045316317322,0.490222788446485
23009941514088.8,23706597404,0.962669405254932,0.0207661148621905,0.395258788400639,0.220034378277306
23016072319451.2,23872888644,0.938038685416782,0.0260219946805545,0.610427824933429,0.256658078968938
22616681814280.2,28678542492,0.956683891510206,0.024432577351351,3.2286961737723,1.82248658025531
23047228206017.8,23284163700,0.728136215941463,0.174242825057645,0.0255334558946512,0.0163752452084111
23047679478379.8,23265202574,0.707507281288247,0.20101470280397,0.0110833547454594,0.00762161472623453
23037954095194.2,23490723192,0.975466752600223,0.0165613189544372,0.0747357295599494,0.0503302119069139
23046709724410.8,23303114742,0.91123342003037,0.0847470196316296,0.033032664684753,0.0291844700162689
23040553252513.2,23424820988,0.931848323423377,0.0375113253403551,0.16673775876145,0.0915286250083187
23036890967520.2,23518941644,0.929015449785241,0.0331771544746107,0.42906042794542,0.200743141835296
23046311276643.2,23331722740,0.875661996874445,0.0991132576602946,0.101064925593628,0.0806059303155373
23046148053939.2,23302828338,0.863198627720304,0.0655627062589333,0.11788369813437,0.0565521708632365
23044259044543.2,23292254050,0.910910235947973,0.0524138358273964,0.149108163517325,0.0877853447742035
23002840307362.8,23798906872,0.939603640375603,0.0216135452106386,1.65141856606347,0.59165755884848
23037366137801.8,23595994634,0.900408580647604,0.0935484562447674,0.214328435711818,0.200116211009847
23036497398507.2,23432328480,0.894547061359987,0.0404191482316578,0.406134465238173,0.155832928996219
22708996490565.2,25324640958,0.969135231358676,0.0127322253762888,1.06924368749489,0.439494015974464
23045041522787.8,23302255666,0.845970042388495,0.0959609737414909,0.103162665881444,0.064307842546955
23040601258725.2,23309606222,0.908608534460539,0.05089334492408,0.414157507837888,0.230790754647717
23038395671310.8,23567595846,0.900637764068021,0.120713457287255,0.159025834443722,0.192636669145973
23047000172940.2,23341652440,0.806368997312415,0.178519717932817,0.0248391549140601,0.0229050384084105
23046258468889.8,23302886602,0.900893192146021,0.0561892766029065,0.0491510078193422,0.0278901071283614
23029821598311.8,23544142938,0.924361759106816,0.0344475514310505,0.307882028010519,0.140367482570861
23040714061191.8,23568862188,0.913848087284242,0.0517055532098777,0.203015674973011,0.121951493876935
23000533425955.8,23884044708,0.951722743506461,0.029656320173623,1.02688127047089,0.631284799170767
23045211938770.8,23331129840,0.877552504434722,0.100105309654216,0.290123183744928,0.237317880789882
23045108727839.2,23292705458,0.876458882225172,0.0651978735130242,0.184670222861621,0.0975331038821258
23034030469457.8,23690263308,0.908581458509329,0.0489542016555623,0.683337175540325,0.366235690972455
23046704930179.8,23370318708,0.814391150024267,0.131689071891229,0.165871401556094,0.11776416241809
23046644920827.8,23303090456,0.829333542215315,0.0757074381308698,0.149876431508121,0.0665505001373346
23042886145810.2,23397191370,0.897318138017586,0.0452700103622542,0.077322190489021,0.0341261848714808
22963210269448.8,24276802604,0.938779594844711,0.0253436158094923,2.31254858252627,0.958421118514221
23043651791433.8,23349568784,0.922638043238217,0.0327399647768044,0.273811958459418,0.115996878276243
22950146805642.2,24653196234,0.961558636960637,0.0166140959265075,1.1203387385589,0.484654074524231
23023168363874.2,23655893504,0.943905554010937,0.0209510990767396,0.365037481137322,0.136513406262454
23039614866325.8,23539519008,0.909932031520455,0.0553382494986469,0.175216552079947,0.107741909550892
23044623878908.8,23321263794,0.866340150807488,0.0486074476352732,0.255588350829475,0.0930724529320571
23047362629572.8,23313058712,0.757787695527827,0.210912454105388,0.0734930176651344,0.064021617538578
22414489791090.8,35291922100,0.934236101219814,0.0314960612349506,9.50116171937946,4.55480087690154
23046798540134.8,23245548658,0.856604443494703,0.063204562524057,0.059233403579569,0.0261313467313018
23006984388842.2,24088870988,0.938854089631507,0.0250382553786807,0.538728091152053,0.220855234872654
23003156846727.8,23645581008,0.95451234880814,0.0227962144453688,1.06758524429932,0.535440687816634
23047941119678.2,23226925948,0.124990226367082,0.499962571994461,0.0048428935738866,0.00276904947336655
23047957921915.2,23217331332,-2.08297337264869e-07,1.04906918195378e-10,0.0014014241932051,7.05813451587056e-07
23046047240722.8,23331596396,0.834025903576829,0.0911544716814476,0.0135427254723194,0.00744362531688144
23018178467433.8,23749260912,0.931724745150429,0.0263481107752682,0.580768408185732,0.224364608417448
23007538368351.2,24031619572,0.935220203947444,0.0274866788401478,0.675809094027793,0.287067446847346
23029924793704.2,23870541962,0.915031850515779,0.0494213927193121,0.528734453755214,0.307772139725659
23044988717413.2,23331052110,0.901104293801102,0.0492899502278225,0.0562943633037576,0.028083934118743
23020805291806.8,23702654152,0.929922734539649,0.0270902139547641,1.16595358429757,0.451286180206825
22965584729353.2,23952070926,0.957982421429565,0.0203426680438861,2.11482217020346,1.02475818281591
23039725263548.8,23539562916,0.922842988287745,0.0530174123550629,0.505376410486218,0.347518192158128
23043514981964.2,23387884974,0.901506711703505,0.0594683701507601,0.144032737278477,0.0870358388256853
22934809813651.8,24731071288,0.960358270928978,0.0179875147760364,2.12904017231518,0.966906149873723
23033178582365.2,23565032692,0.91810184683093,0.0395259730942474,0.207328288396252,0.100160785311378
23046032835488.2,23225948680,0.88379306322398,0.0648015570778555,0.0865365593820185,0.0482885209695553
23026102581325.8,23532612922,0.957426950120421,0.0227983288229356,0.370933511614191,0.198783131220415
22924622427928.8,25549202608,0.916586630685691,0.035081449652383,3.76791257540482,1.58623405772447
22840088314815.2,28493870556,0.898400657479193,0.0383597715319012,3.76999013561153,1.42494101830367
23042950941144.8,23397176414,0.894202796840135,0.0843872055320969,0.286202416014848,0.228415073957666
23044021409467.2,23311374084,0.912979190757845,0.051834387285512,0.0476390678911365,0.0272748490810228
23028189982596.2,23639263516,0.926675535305167,0.0370691987247812,0.414905814230051,0.209738167568838
23046623316235.2,23341453118,0.823195441571347,0.151479802373842,0.14480499344798,0.124088646653041
23015784453446.2,23556127348,0.951974233567477,0.0204179011364768,0.695195696049946,0.295843483899568
22997277168144.8,24026236610,0.940103275248047,0.0247635808357337,1.88115207946494,0.778499398280286
23039010067248.2,23424024480,0.908075677816436,0.0405106896331571,0.438606836450462,0.193507751418939
23012126559544.8,24168268818,0.924570458933438,0.0387072055537128,1.25144078728322,0.64270825479214
23028950598860.8,23543675912,0.957594807870788,0.0205454323162091,0.653767561334014,0.317014366783222
23046815344153.2,23255157546,0.84269033227895,0.0726392302667018,0.163128022580743,0.0753938726402127
23047117788166.8,23284115208,0.833018783845297,0.0964516510822588,0.0575621504335156,0.0332781487505164
23033920070235.8,23574997352,0.93690868623506,0.0362383344653142,0.59176335301692,0.340203490466143
23020802903495.2,23750632978,0.946259332227343,0.0249993323549976,0.51642734904508,0.240445737936198
23046647322026.2,23303071204,0.883782520348384,0.0910930430059712,0.276652156063939,0.216965376756625
23046203261449.8,23293248690,0.878559196493295,0.0918216799350063,0.171962232041761,0.130089287344654
23044364651144.2,23244304316,0.878090191326211,0.0931834473077102,0.0846931832279675,0.0647712615452368
23014074190825.2,23727960310,0.94902785165121,0.0245628382498528,0.848168505108453,0.409072128055581
23023223548928.8,23780657630,0.931026573367661,0.0279013811500758,0.617658918493703,0.250110311298367
23000631775247.2,23816899078,0.922835958227279,0.0394134413141468,1.81901719525492,0.929815943458661
23021774483254.2,23578406766,0.958645415160561,0.0173432896470472,0.769671455574741,0.323152605833577
23046760137569.8,23312747932,0.861484080144741,0.0835482360533191,0.169623781212707,0.102387157397778
23046544106117.8,23341428808,0.858752692457799,0.0916464860093524,0.132688421311173,0.0861629928583449
23044129425412.8,23234584538,0.923069914131554,0.0435483257282241,0.0342318320589333,0.0190090587869097
23028470724529.8,23591428912,0.957121537640402,0.0196273669498899,0.159188575532703,0.0729322841965318
23027707742628.8,23859793944,0.945902174635511,0.0274091971109532,0.143398074664741,0.0727215146368928
23029192950604.2,23514925764,0.936441787613584,0.0446531520174197,0.27192986367377,0.191141327523017
23044367054405.8,23340306270,0.832888465665799,0.141636575745416,0.0306586043540298,0.0259987388518246
22903450086963.2,24494106100,0.957052391411414,0.0180256082126782,1.59096688884161,0.668380790576839
23047909914869.2,23236510876,0.249454834793556,0.504106078300013,0.0180879441512864,0.0121571188832544
23044760692492.8,23350132958,0.930356218574853,0.0309008030175274,0.134744636119671,0.0598397630860258
23029459294212.2,23745512162,0.935038420111608,0.0356083956445697,0.178857850710692,0.0981253439463674
23038784473650.2,23433515150,0.917668907538797,0.0352041623195979,0.0974392603303192,0.0417098894004798
23013225076628.8,23593180076,0.944204263591556,0.0285094240390973,0.571903905537213,0.29244942447745
23040351661133.2,23415071186,0.909989954255978,0.0522433857939488,0.144098293289815,0.0836944439293237
22995356557374.2,23833397588,0.958330095086056,0.0192450580290159,1.31766383219434,0.609157563619173
23037394940553.8,23499989114,0.905803826529208,0.0429613850351014,0.393414975567343,0.179592460832983
23028943396815.2,23534090236,0.949963813142512,0.020697997724308,0.466063349926056,0.193016166617242
23025845867329.8,23686057974,0.920892436523796,0.033272440398447,0.447194720077,0.188302522404599
23007173832277.8,23973837238,0.930383833011737,0.0320855988392955,1.41526809136703,0.652849127166052
23041263675490.2,23444343230,0.946039008355987,0.0391157035013072,0.103538396722582,0.0751038849241748
23047941119461.8,23217321660,0.124870570039147,0.499483945847513,0.00141239692383956,0.00080662936077532
23042019702593.2,23463920472,0.858353118303887,0.0633820024846281,0.155007079152988,0.0694213072842106
23047957921915.2,23217331332,-2.08297337264869e-07,1.04906918195351e-10,0.00222003255814208,1.11809746834333e-06
23045031921061.2,23311859264,0.876115715902516,0.0568386025882577,0.279539167974643,0.128370534884202
23029044191679.8,23860453852,0.922850195942335,0.0377460972570293,0.53603369270138,0.26251978981639
23031602041957.8,23535404406,0.932206544521113,0.0345198704533761,0.697178450402293,0.355268476858573
23002135257681.8,23606678238,0.960853131386609,0.0218674829563613,1.11145078178881,0.621295248085077
22949480883975.8,24106567460,0.959277471625475,0.0219244430065565,1.74599465951736,0.940676914213267
23038916447670.8,23059123784,0.931413819942161,0.0342767828374345,0.106370017668138,0.0520198438335919
23043745402553.2,23339994768,0.868180824062885,0.064125668694212,0.241342301129273,0.117501259438954
23047427438646.2,23284275252,0.708387746803122,0.128148427623277,0.0469534317420475,0.0206554344848396
23045809609517.8,23350648672,0.924085123009094,0.0641570197358031,0.0395725876199881,0.0334497982178165
23039684452899.8,23491521398,0.90493428911837,0.0613251187330338,0.0769929017982077,0.0496765443056172
23044357456012.2,23359508104,0.895192415502998,0.0702216916875255,0.0908094857041224,0.0608814797368798
23027592558619.2,23686938188,0.92567317700422,0.0327521562147011,0.539541969834116,0.238006158071298
23036279033348.8,23509004672,0.894626341338284,0.0500455272172771,0.0808236432973858,0.0384177356152389
23028823443014.8,23697164142,0.91691201326594,0.0375552069029897,0.61808219403584,0.279625918085629
23027297420309.2,23331652194,0.920256000489337,0.0276985397943494,0.143705679663826,0.0498659145415428
23038088507341.8,23548336948,0.904614814191859,0.0587464362400805,0.168325851775018,0.103751260437738
23040272441501.8,23443879260,0.914775015700082,0.0545950872508564,0.3288058904123,0.208842434907944
23044916707299.2,23321414392,0.868721067573627,0.0418090683488377,0.177204817517579,0.0565203003645794
23043661392913.8,23579947854,0.912726369085647,0.122858703436886,0.281619358390905,0.396526887970781
22926389019058.2,24582881868,0.963991782630739,0.0180908602767453,1.64746767840279,0.828481592648513
22932082551556.8,24854260198,0.965064380617,0.0147278697897755,1.21476439497248,0.5126743492195
22997862203781.2,23853873378,0.946946048542044,0.0246202273857083,1.52976658546836,0.710510164453609
22781072588167.8,25526291076,0.965664991829317,0.0178795507095979,3.09914420516814,1.61514040018687
23047957921915.2,23217331332,-2.08297337264869e-07,1.0490691819551e-10,0.00748037241771425,3.76741567678206e-06
23035818265011.2,23585591588,0.920335018543902,0.0369967854258543,0.635996724627921,0.2956631380589
23045132735024.8,23379143562,0.89029254523203,0.0629978202785968,0.229811084114616,0.132064620016212
23013390531526.2,22892775824,0.925885903623568,0.0327544122903169,0.523832247821452,0.224213502408972
23032132353412.8,23670108092,0.903561803623662,0.037888335245735,0.966045361628379,0.379984941835089
23043601385542.8,23349534728,0.950091648116937,0.0322900573520555,0.140426159162593,0.0909259099416155
23019392308803.8,23893805902,0.948636730302055,0.0256295918982543,1.21052906101022,0.604638574321962
23045715998248.2,23244987024,0.813170791877633,0.120751046273111,0.108555945013222,0.0701996122255006
23031666826517.8,23545016144,0.935782618692567,0.0373588999533006,0.442682309998877,0.257716139429356
23046884956813.2,23303206986,0.859994465629287,0.0832174793732243,0.106856900147358,0.0635631298067162
22959958994707.2,23862918352,0.965334085935157,0.0187732505459757,1.16751283326562,0.632725985800192
23022074389570.8,23760840244,0.943210221498901,0.0317170011919273,0.484787181988908,0.270943032849578
23027738909718.2,23543050262,0.944731327074442,0.0280409984464218,0.196232358149699,0.0996552097092725
22962000364576.2,24467775250,0.948909325368616,0.024110659184069,0.994303817120017,0.469471105110835
23012330448801.8,23976516546,0.912043732281458,0.0341017870672455,1.06590623679298,0.413690943052022
23047098587640.8,23293714490,0.761184423878253,0.130134905115409,0.015811448698226,0.00862277103288469
23004413455662.2,24241009002,0.940367801519319,0.042246953694696,0.349201952908323,0.246827367800768
23018814170664.8,23778368922,0.940057865223576,0.0288377283187324,0.440368528899559,0.212078687776305
23039137264869.8,23510468330,0.943126975657602,0.0373236705867527,0.165372464741987,0.108611682166437
23026150561019.2,23791734730,0.933216758386927,0.0317784110353095,0.461215436313847,0.219669535686564
23043750200877.2,23330400800,0.858182735465345,0.0913278722249786,0.174132845348973,0.112205595876467
23003449418664.8,23952737610,0.950725535749877,0.0229928055512589,0.595865962818427,0.278314564853553
23019716153337.8,23519745284,0.955638239073581,0.0237969752232305,0.483917640011257,0.259775121169638
23037670928691.8,23644137342,0.919674516044002,0.0410873696369972,0.322332813932612,0.165032062299896
23044532668927.8,23321210500,0.899520105268377,0.0448513149714804,0.0488231426201871,0.0218135740577739
23041477283129.2,23559676042,0.85966496060715,0.071269544867762,0.300285106473804,0.152650044268918
22982578755604.8,23769220928,0.96520674251904,0.0196412903099552,1.32710131427471,0.749707404781363
22930571640910.8,23608266712,0.971815759431463,0.0161640330002205,0.92278372111092,0.529288961821318
23008320226818.2,24032017102,0.933277140828922,0.0310240610733066,1.97874015068932,0.920944332700796
23033665710236.2,23555632432,0.895095018558676,0.054231607620034,0.839774826459508,0.434480480935348
23034570413379.2,24535084254,0.852659684165677,0.149016499374296,1.2217191392964,1.23586243392858
23043361371177.2,23685353538,0.845476213300413,0.192042845470359,0.568913468488827,0.707195613086568
23015520610938.2,23958947654,0.955711504000793,0.0212547974724053,0.798820965040352,0.383750197689142
23047924316021.8,23217311988,0.159874268828095,0.353698517027314,0.041005370559962,0.0172676379713026
23047449038926.8,23245873062,0.741975041825581,0.104170803300539,0.0868839961976303,0.0351125341953854
23002228898229.8,24479396990,0.869708904551046,0.0601198415570436,2.64650365532769,1.22219608747852
22986668378475.2,26053150780,0.88867466563486,0.0683408645917902,3.38475525130212,2.07931327613686
23047957921915.2,23217331332,-2.08297337264869e-07,1.04906918195351e-10,0.0147241191095841,7.41565714414139e-06
23047588262511.2,23226742120,0.680693154636704,0.167800394454596,0.0580569124355746,0.0305315010540929
23047957921915.2,23217331332,-2.08297337264869e-07,1.04906918195351e-10,0.0043342500909946,2.18290224444397e-06
23045999243337.2,23273905116,0.767194222568543,0.242446376214242,0.195678589523976,0.203844062342603
23026198558510.8,23599824518,0.935233593008378,0.0288942783982717,0.347936670256613,0.155361307628053
23046820148292.8,23389580386,0.799267689584306,0.187379397099279,0.110593047750781,0.103289406244274
23035676672869.2,23585517428,0.918015679698168,0.038994391084694,0.177479513440252,0.0845020795259611
23001046587626.8,23711661390,0.961748487030873,0.0185518977427843,0.708723656762217,0.344008825830614
23020586983155.8,23577762060,0.940721976574604,0.0263382301674413,0.379517901260808,0.168777809860389
22998941291757.8,23624280936,0.965077196730166,0.0165650930996094,0.132221503641413,0.0627704632830961
23046544111912.8,23447058332,0.822392618210806,0.206760028285498,0.0188251019941188,0.0219220144157614
23031527649194.8,23545025844,0.91662116411145,0.035964740256655,0.183736951236785,0.0752683722640191
23043466970956.8,23339902148,0.934294808471846,0.033002015896359,0.147301426228119,0.0735191927305231
23028588285057.8,23514708974,0.946598938651927,0.0205456433961356,0.410254288358359,0.158037844395448
23020788498474.2,23645048792,0.931680822481375,0.0242732596617543,0.758742488725404,0.269943633893017
23043106959836.8,23416499934,0.864754645511252,0.0549720711450244,0.224746554652004,0.0914459051660504
23000593386197.8,24018383566,0.958807871230096,0.018942123425105,0.717517127535241,0.33030135701931
22988408684853.2,23973674476,0.954235335930838,0.0218429328274925,0.510548320215955,0.243884639862788
22943428385749.2,24113060762,0.951335838482001,0.0200549063789748,1.76129919960912,0.726691980821383
23042434918610.2,23406560300,0.891526550147597,0.0439595201258951,0.244093713237971,0.0990414877083896
23041590081210.8,23434935210,0.888514768098085,0.0392257586190765,0.31951660507196,0.112572642004668
22989226122214.2,23954888194,0.958347290957091,0.0224644131694098,1.55982554245491,0.841991370490601
23030263114544.8,23630694888,0.916215838704072,0.0451070622593821,0.454767874646404,0.245014612132562
23044431859640.8,23301959492,0.908948403181665,0.0388418134059033,0.175063785312489,0.0747496750771049
23026644775555.8,23052967674,0.962815850885455,0.0166214122076793,0.248935660818714,0.107733253894491
22955828768032.2,24023742270,0.961316972723306,0.0156646558427123,1.68681094730076,0.683863347096772
22982250394735.2,24190977934,0.95819386818696,0.0197889039811413,1.33744922566239,0.633730177156313
22996521844223.2,23805227272,0.952994548154523,0.0184158611625752,1.12182020284408,0.439963190467708
23027995642987.2,23600796740,0.928417976149392,0.0365040583383542,0.951447758403616,0.485633252587144
23046556112971.2,23379869186,0.753055356366625,0.219203783540427,0.222530829719271,0.197605240630469
23042096499413.2,23367972348,0.912818864995389,0.0383526070290333,0.293828040767134,0.129383599137911
23034162438708.8,23565537772,0.902314357718776,0.0457898745407291,0.561113966952444,0.263247802555917
23034145645496.8,23527123482,0.919924710174942,0.0399561130272568,0.520157717482289,0.259760109473636
23030318298327.8,23486782602,0.931467878234754,0.0293348300245552,0.271391769693325,0.116275470321581
22964930644033.8,24306371028,0.956199302670437,0.0241415897890971,1.2572572944183,0.693453784920648
22914240726696.2,24241280780,0.970761225553571,0.0128931030236431,1.14076191973626,0.503474813154953
23030575004538.8,23074138288,0.935789131638342,0.0312609452477977,0.171030791580449,0.0802486164519465
22943500288329.2,23978940754,0.966476542767798,0.0180298129847212,0.776254544833199,0.417817774331938
22985764499726.8,23962636396,0.958816922570267,0.0220343337553063,1.42963901338381,0.76546729878539
23042070101772.8,23367957846,0.914546124604845,0.0552599409603034,0.208058960855619,0.134623440868122
23013011612236.8,23746565104,0.943298928784989,0.0270672880318931,0.567794153564756,0.271272273155208
23038808472832.8,23558267622,0.915162758441378,0.0559091100319214,0.311325071391372,0.205209043008669
22961245636873.8,24754999860,0.954632699351313,0.0232456382978317,0.95566573623318,0.490042607066844
23012366367383.8,23736754414,0.963877163653542,0.0245346352360253,0.283396495291906,0.191553124015627
23042211705721.8,23531215216,0.86872611153258,0.0896960023204708,0.42802122197487,0.292515620670329
23018142474800.8,23682073310,0.949236013530096,0.0239323445866644,0.389310862622711,0.18373491653417
23047957921915.2,23217331332,-2.08297337264869e-07,1.04906918195404e-10,0.00609936135930911,3.07188309889555e-06
23028393942074.2,23629791804,0.941243624811683,0.0300766368549643,0.477997493416226,0.244908670162713
23039698862276.2,23683567908,0.919401662098295,0.0690074639866197,0.147593997883092,0.126437571789479
23029123362885.8,23764510604,0.925654320282601,0.0373729266276526,0.44846267506539,0.225660589304422
23043034954092.2,23445275938,0.881698746939236,0.0503786271724822,0.22774833869274,0.0970941683277675
23017847426202.2,23739515076,0.932012831856392,0.0312624762786469,0.53119872935637,0.244514818283804
23024583878611.8,23982891268,0.898906670786848,0.0583828743766348,0.775550042884313,0.448252941443467
22957024260066.2,24637671006,0.943301684490469,0.0236038002281472,1.90631930685421,0.794397559845527
22970192720981.8,24222953426,0.950913310442866,0.0210383620679838,1.47902575505896,0.634511446918614
23029087358913.2,23466971850,0.942629838217951,0.0211874197922818,0.262726799524447,0.0971579701710689
22996917481610.2,23958869924,0.957843124568156,0.0204047252444208,1.3100943983574,0.63464601801311
22992426746882.2,24052492638,0.933258916193293,0.0280278697743445,0.777474910330169,0.326814210087245
23016487303448.2,23853983926,0.940672929713211,0.0272620274569554,0.950443019296897,0.437199401336754
23040099654409.2,23366964780,0.90423949080647,0.0347495154891168,0.395179605932267,0.143565726116397
23027261446181.8,23648363524,0.930156334640438,0.033160967748098,0.669858198542655,0.318314391335811
22879197460929.2,24500176726,0.959182094706636,0.0180240342687178,3.18677725293868,1.40846161745009
23047957921915.2,23217331332,-2.08297337264869e-07,1.04906918195484e-10,0.00541406326245346,2.72673948181496e-06
22949947957048.2,24020682742,0.968987829203395,0.0163908649499962,0.933376176305023,0.493763690622511
22892817333900.2,25110173752,0.951177918759255,0.0262932926667637,2.80267606986308,1.51081709071215
23038693275824.8,23385444042,0.924879325350579,0.0395699386784287,0.583361626798655,0.307512964029746
22992618503645.8,23851181566,0.958731369402516,0.0200170751856904,1.07869382099819,0.523642546907872
23040836462555.8,23444152384,0.907489774227088,0.0619285582715949,0.322349766852261,0.215934153471359
23036286214765.8,23489807636,0.93267683902088,0.0369703610062203,0.665702008043518,0.365836822637104
23021582572406.2,23607062622,0.935007892988109,0.0294140960788688,1.42719617066681,0.646475612909698
23005339159526.2,23742624960,0.953687589110221,0.0237830474458219,0.919554594673769,0.472599634232393
23041743686214.2,23348591408,0.899235913481377,0.0502490326520494,0.355837593933512,0.177591857738223
23032782626805.8,23411207936,0.94015890473396,0.0426669827237722,0.354741908295911,0.253068661011314
22977408750749.2,24188457342,0.962557661606149,0.017591365612633,0.674936515572505,0.317418398801382
23036406197664.8,23413090718,0.954047020787713,0.0187966504052268,0.12714674937557,0.0520596062156025
23009958320956.2,23917685434,0.931443735864394,0.0330466495754794,0.88443174473683,0.426691016837521
23019924867313.8,23500655418,0.947072334827817,0.0330315902282111,0.32215275052105,0.201172414715035
23031616442801.8,23535429570,0.906338702897239,0.0385202332261907,0.223046846170882,0.0918273044273926
23026966325423.8,23456253716,0.94102899166701,0.0353965498067085,0.208726432256724,0.125365891572341
23011200707522.2,23956864776,0.953723128193035,0.0216139620227633,0.346938396415048,0.161716860084626
23047038570611.8,23236080112,0.891064890110153,0.0231828220001096,0.0330931215043171,0.00549942827956444
23038705263626.2,23491060840,0.941075561090801,0.0386909027426331,0.171762266292035,0.112622607575386
23036833364643.2,23480524046,0.932998866199404,0.0360298358264217,0.16285018442601,0.0875184351014673
23033800059437.2,23584555918,0.950767582404562,0.0465235440827783,0.107770788070187,0.10017396811904
23038033297166.2,23385122714,0.931413017924087,0.020556439920441,0.183661489052865,0.0551363820945373
23046652121965.2,23447068004,0.676345326500377,0.370489590745259,0.112509230649343,0.128817245970086
23046834547363.2,23226355062,0.833525267390493,0.125783017626529,0.032911169546917,0.0248784691396711
23037783720404.2,23480998918,0.907359189211055,0.0384431767377142,0.203440182065497,0.0845181709816262
23039528459832.8,23443488384,0.931157717653789,0.0344288776612388,0.115464137049851,0.0577991422306188
23022770112180.8,23713262210,0.935979430318091,0.0301874822493147,0.559715961313696,0.264199816551865
23019140410523.2,23672980946,0.944938017855739,0.0261315834116961,0.457629250852569,0.217374740936728
23046652121109.2,23245471174,0.867738453110411,0.0749716683515563,0.12148390659193,0.0689091622434491
23031083742049.2,23631132880,0.931975679497064,0.0306772093523536,0.3056269317981,0.137953127784067
23044703087516.2,23292486954,0.900143361512101,0.0601905572804228,0.314841268551061,0.189898984663415
23037226946586.2,23499900198,0.920329294716314,0.0384798729612432,0.22238094325308,0.107518616947044
22991551623247.2,23908125050,0.94356741465079,0.0222822517927475,0.899141130988788,0.355466242878144
23026121763937.2,23542204440,0.949144436393562,0.0225069922396242,0.718893024195883,0.318449511586183
22946573078457.2,23779404262,0.962109623051354,0.017974806327025,2.06280811604633,0.979375190274749
23044811099840.8,23321351240,0.896543746022861,0.0646846437277482,0.0833477007851361,0.0521446581955876
23036941359249.2,23432557770,0.905362963288618,0.0396714246700947,0.315857481103203,0.132565760155664
23044071826178.8,23292147258,0.913833975570367,0.0695711922314687,0.265994891347,0.214863297477047
23035405493363.8,23546972478,0.921992162954815,0.0329906370308812,0.718618791518679,0.304220965433301
23043085355355.8,23397274194,0.945977859696784,0.0272394562147472,0.370112756336031,0.186781416265882
23021155545708.8,23635651634,0.938318117144229,0.0299570209283312,1.38120344417118,0.671462819716479
23033480936107.8,23584387248,0.919796814863292,0.0314663060030583,0.652857608005269,0.256453026942986
23022227930552.2,23405779224,0.921614301517819,0.0539543220421878,0.804367347242684,0.55263076828697
23008468909625.8,23773001848,0.949538467060935,0.0262214725699957,1.14845736102395,0.597212793302309
23004977041008.8,23713704178,0.950755593065155,0.0210760833842519,0.444738954906999,0.190520260481062
22984635412180.2,23779899336,0.961707124670833,0.0179278625097449,1.11287329217881,0.521461916461825
23003056132450.2,23837388330,0.939072754237534,0.0274896025758328,0.939106194804895,0.424176478884646
23045226348619.8,23379182512,0.790245607886256,0.0904923142116696,0.254642881677441,0.109985036104404
23040066067821.8,23510965856,0.914906511094567,0.0373579734100982,0.350862423207982,0.15420123717978
23030133523067.2,23342691634,0.935397096036589,0.0340132596802349,0.279312327588393,0.147170079853439
23013059574297.2,23593102122,0.950149814779068,0.0192857139715706,0.438580909039999,0.169854168118092
23020186352738.2,23635157648,0.94153224743703,0.0244685878153656,1.28962102690185,0.540319681124064
23032871422391.8,23545697226,0.924632826338962,0.0343128318653817,0.424409012194938,0.193423560714767
22996423536156.2,23718858662,0.951405555961932,0.0177249476147578,1.40213543556019,0.512004339206467
23035302304665.8,23489344378,0.921397879099298,0.0408719640945353,0.37549941660238,0.195417809766065
23017468397510.8,23518579394,0.943131178073501,0.029947756080808,0.465653521975883,0.245407013459649
23021736106013.2,23693534848,0.938154339349225,0.026364780948825,0.652216201893853,0.278335897037039
23038434092339.8,23433319910,0.89917551603647,0.0428248007213776,0.488023762856289,0.207485571090933
23030507860434.2,23602050576,0.932238087473444,0.0284243117062463,0.561249147527171,0.235660635682009
22959130057372.2,24102094652,0.956573577997617,0.0210395482914338,1.83534693842139,0.889930410487206
23000926698660.8,23797932388,0.949044974920997,0.0247192005731176,1.02279355078139,0.496582095620104
22979963726521.2,23969218112,0.96091276893443,0.0177624368736886,0.542891321713621,0.246935902167369
23037675722662.8,23413700054,0.929737976029937,0.0511608748388652,0.220526737025351,0.160654591802186
23036737382035.2,23461256174,0.936872803131732,0.0311178969343155,0.400360134787524,0.197513168989946
23038789285431.2,23462267980,0.906921040301046,0.0595398969305356,0.300219854049929,0.192157455887347
23035443888410.8,23460601674,0.924870237048074,0.0356031547389859,0.196111191970212,0.0930120844514538
23042437319748.2,23416148716,0.885719675352955,0.050002357134281,0.193615653334023,0.0847931453206389
23043608594726.8,23416763352,0.885642059978894,0.0488329562400992,0.0734861628747923,0.0314157858942506
23040560457446.2,23386408866,0.933457032052009,0.0333068853211733,0.122077332932288,0.0611522313246558
23013275450844.8,23717964312,0.933221917975344,0.0294016894953264,0.510622662825557,0.225061660641538
23045207139986.8,23311946690,0.900127079328482,0.0512183825843038,0.121785339046441,0.0625056759277351
23021712123413.8,23827823402,0.924788207106397,0.0393612185283723,0.813255152699804,0.426009843172847
23044602277586.8,23369272242,0.873549314508133,0.0879062097233186,0.077892273556974,0.05418272552252
23045274344598.8,23321579564,0.883416533216221,0.0452778540813152,0.146231851871746,0.0568660864313597
23003279158415.8,23933436592,0.947024201960475,0.0302009468600899,0.436648391852271,0.247294969212444
23031510849664.8,23621738926,0.93575441784501,0.0399915203713177,0.492241067126732,0.306626662108292
23021870455110.8,23655223050,0.928476215774781,0.0365705388575679,0.846179219022168,0.433055130373237
23011493339005.2,23889746216,0.941923067257707,0.0242036887409328,0.731073692923023,0.305027274014443
23041486881489.8,23434861976,0.893338402342892,0.0472397971954264,0.210378831488987,0.0932642539687714
23047957921915.2,23217331332,-2.08297337264869e-07,1.04906918195325e-10,0.0112047280322367,5.64315059271153e-06
23047957921915.2,23217331332,-2.08297337264869e-07,1.04906918195378e-10,0.0116184064578766,5.85149564545466e-06
23046906557086.8,23293607736,0.85774419605299,0.0770693796492217,0.053441182141279,0.0289811730325407
23045977631646.8,23341151670,0.87566701921108,0.0767361196781261,0.167767052178757,0.103621979500026
23022254294525.8,23492228108,0.93142156110701,0.0283532003797173,0.454429210333914,0.187833294625852
23047019373625.8,23264868214,0.803578984272099,0.0858357052390267,0.145137733595542,0.063494523228563
23046088046042.2,23264369080,0.817467115798384,0.144496064407843,0.255986050992493,0.202740591150122
23034289615840.2,23488804478,0.943750056856681,0.0289749621908814,0.606505077189894,0.312671470917545
23008653564948.2,23629227908,0.94413135424972,0.0256594457540696,1.25326561375656,0.576098582856853
23036730156303.8,23154047602,0.908073819453192,0.0508485564044745,0.27107205967255,0.145335217108311
23039043668691.8,23385629272,0.905734150702222,0.0472904358742734,0.361634988486687,0.181568239257277
23047480246064.2,23284299512,0.764608100698003,0.170435204582608,0.0369576675489299,0.0267774400594693
23046085646654.8,23341214886,0.868561115946145,0.0749389740407085,0.0604201610350055,0.0344750982121898
23046013632638.2,23273948724,0.913914189315332,0.0517570223858101,0.041782343238828,0.0251389075181435
22926626071063.2,24468064168,0.95802882479062,0.0242882279170821,1.96337233621102,1.13696834557459
23045975228922.2,23341127378,0.886112996489199,0.104493999587165,0.0410461699227918,0.0376683688457476
23037440532666.2,23528823050,0.932339937335057,0.0361622982503516,0.258066172975646,0.138058194188999
23033296156709.8,23517085276,0.903792330914715,0.0436549471305432,0.314604350423455,0.142888512020622
23037373338428.8,23423185808,0.921308053449823,0.033214147266184,0.178984440987542,0.0756170912387008
23039499662619.2,23443429574,0.903899446688355,0.0596663288124331,0.501204078479995,0.311389487720141
23037418931898.2,23413612730,0.944079369561851,0.0233599085150102,0.161580701680032,0.0675740653916313
23039626860520.8,23539528678,0.925861645806633,0.0403781810225721,0.296357300310233,0.161556000499181
23041537276643.2,23377297870,0.936499058925144,0.0286737256387166,0.138709062275258,0.0626946029459504
23040908466111.2,23453789562,0.908285616185959,0.0478157232522332,0.305259773688945,0.159294487757031
23043853407871.2,23311272134,0.889087114592779,0.0512861670210513,0.0924100977449396,0.0427671162745153
23024471108886.2,23656528794,0.937533893931865,0.0265530665497516,0.467723453299046,0.199042224364462
22975738278118.8,24340893568,0.958779689067251,0.0182277484614655,0.422546997028785,0.187051571919466
23018792588503.2,23739952686,0.938095401442831,0.0328053426001121,0.538463509655725,0.285563186568488
23044290247211.8,23378685794,0.880736955318272,0.0584846460289311,0.28882252619395,0.141759066685547
23036787784334.2,23634018308,0.885854611009441,0.0605365148699664,0.569276866776019,0.302151634137452
23012013808017.2,23659735160,0.94612399298442,0.0215363458079029,0.388421355160383,0.155421799007819
23031865997820.2,23449164786,0.893396858902087,0.0404504362896693,0.17324078643638,0.0658060134940049
23026793567388.2,23532920982,0.941156927834052,0.0419165165864012,0.192316271165886,0.137079184798123
23007106697777.2,24040950736,0.935756002902313,0.0257177690561694,0.222035547346924,0.0889738658700863
23036458973957.8,23307552696,0.960655203980738,0.0177217586387606,0.198272869868715,0.0872464068524965
22978755713363.8,23968664724,0.961062634769605,0.0170764693938638,0.783364633990707,0.343913375632587
23020721327766.8,23721801174,0.946049059826224,0.0304365083090981,0.687934960854829,0.388431134246267
23007219388001.2,24117751432,0.948755955505835,0.0283343710874937,0.688185520728293,0.380844384060888
23046282470597.8,23331703292,0.857396133314876,0.0837943703648583,0.0948604042990959,0.055786137928298
23032612261850.2,23449529662,0.925848129740179,0.0366015852363011,0.410398719765694,0.202732319360595
23034683181533.2,23757780096,0.928970235208534,0.0415505240560123,0.183293295124717,0.107306336207998
23043061337770.8,23157230982,0.960199439703014,0.0323251326768528,0.040590169816355,0.0322172376709074
22960625056338.2,24294500084,0.950121646837994,0.033072761925416,2.00803879871221,1.33225569727191
23020387860897.8,23721614982,0.934099416915138,0.0331569066243033,0.752229368469356,0.378796530193066
23041530074829.2,23444479700,0.921992209128529,0.0379197846536005,0.208104798751216,0.10126449564114
23030997356248.8,23803850448,0.933308080851712,0.0352487796834111,0.634806375733253,0.335841362543576
23039031660098.2,23328029252,0.919470760216472,0.0356493950634655,0.308637665563301,0.136755770057884
23041590081453.8,23454136356,0.906241072445817,0.0506576432114708,0.396819933004624,0.214590380754234
23004015362531.2,23722766926,0.954853173106323,0.0206290758013358,1.03753072555771,0.474502678787261
23036607763360.2,23125169264,0.941745937032089,0.0247842386131213,0.252157579630114,0.106583200675715
23024725418498.2,23618275246,0.931350841173817,0.0340797897681937,0.816813527175702,0.405824497395099
23007348891241.2,23762841918,0.946057964039765,0.0242906013796499,0.507059707944518,0.228542092091823
22999588679592.8,24161740786,0.943892275467892,0.0304927094063944,0.968530372668113,0.526786175445101
22991470089070.2,23735484178,0.967834766637071,0.0174303772766989,0.915670325234603,0.49657159103308
22987226806862.2,24001753706,0.95302222879915,0.0247054391266038,2.39470283018561,1.26030818167655
23036048639902.2,23595280990,0.902926839171594,0.0487743208005125,0.407467392863522,0.204930700102804
23030711806193.8,23582941960,0.905729060261364,0.0484859970143421,0.843724117180265,0.434391904962578
23047957921915.2,23217331332,-2.08297337264869e-07,1.04906918195351e-10,0.000666551340406705,3.35701998376708e-07
23047629070105.8,23265168662,0.64274026385701,0.219539359211183,0.0160324164554072,0.00986012411838649
23042643730689.2,23425884070,0.91746714333486,0.0568895145147972,0.477660190073889,0.329438787309766
23037118951183.8,23327023220,0.954104255960887,0.0272285526855838,0.231338720609343,0.137333990194728
23022098366364.2,23712875046,0.940072516100027,0.0263335166538765,1.00351892683214,0.441381926052208
23021822465285.8,23607178838,0.948237990212145,0.0307043961791006,0.780108884965438,0.463087518288447
23028161198257.2,23562474178,0.947288446303119,0.0195117371841599,0.35260026999311,0.13066398086036
23047494646102.8,23293898854,0.683140995225669,0.330952415273174,0.0713125266400398,0.074500857339892
23039494864447.2,23462663918,0.916083353869461,0.0346500210506149,0.340592425424918,0.140794682666661
23041203668592.8,23367519654,0.931207320623672,0.0314622780629948,0.33814476448904,0.154785781248907
23047350626243.2,23236215636,0.809200289618371,0.194219117847954,0.0647885388040046,0.0659711797020634
23045454367206.2,23254460008,0.887408337483368,0.0694003849037415,0.208225839616796,0.128432830657872
23007569556440.2,24060367884,0.936346107331487,0.0272287988789026,1.67007435558118,0.715201299433625
23046781738901.2,23264732508,0.85690231531161,0.108092227010308,0.017918596293802,0.013542135763326
23035110323112.2,23374025392,0.935547774441407,0.0328889211263306,0.413938023783555,0.211390834685119
23033173769140.8,23497853654,0.95510615744956,0.0226830877983409,0.545940497835846,0.276111216678898
23013220279967.2,23641165788,0.940216670867482,0.0260703147117721,1.30265635880311,0.568599068581175
23044765491018.2,23273323348,0.888685975645742,0.0414713241474866,0.346167670775088,0.129104897709267
23002343958147.8,24057637614,0.948888161505891,0.0217318411380086,0.789004811583463,0.335789496709555
23032909816405.8,23516903482,0.934560784783148,0.0312139925759385,0.477356914778665,0.227916918178275
23042338921523.8,23512127084,0.872325944508038,0.0667699951161153,0.221160174271108,0.115762632410074
23041165269269.8,23396308898,0.93811180341854,0.0365141392691352,0.221229235311739,0.130630758100989
23046440892033.2,23312577960,0.866512311576737,0.0895333645310683,0.0729252648050924,0.0489493449582235
23023187550254.8,23598308086,0.939540477370892,0.0308930909972345,0.626185378998295,0.320212154141191
23041520483669.8,23444479788,0.864955719297674,0.0643687496731327,0.371699306726459,0.17732061142784
23024075244641.2,23771434774,0.920892160252908,0.0447542860108529,0.483284879258434,0.273620099515603
23044381453621.8,23301940126,0.949204295689409,0.0299526912581977,0.149394905345798,0.0881530631984778
23022158356878.8,23904834504,0.926818739536871,0.0358237508760256,0.758692109914516,0.371698056803076
22988272024539.2,23839333344,0.947230514644769,0.0200111465697729,0.987420136145943,0.374853483365685
23022998028839.2,23684599954,0.938373298617766,0.0277808364559053,0.488135862616531,0.220251880004684
22970422789263.8,24203849594,0.956972232208174,0.0214515979320251,1.4633745552848,0.730168287930103
23036423007201.8,23537905670,0.91800482969991,0.0359316700213208,0.210948288744391,0.0925408778396188
23028559498778.8,23572275940,0.922408941296068,0.0329946850227115,0.59210301781248,0.252029082761023
23019051669359.8,23682530698,0.95759611899176,0.0228863118997094,0.437854484988864,0.236489215085523
23044350250136.2,23359512832,0.884752077771966,0.0461116562038535,0.148459240250324,0.0594706052081155
23026023413229.8,23618906698,0.941368750929908,0.0325175864146092,0.376295557116932,0.208840369635405
23040795642153.8,23156068366,0.967550484929244,0.0230734856522463,0.0831579150562747,0.0582424475411465
23014748241448.2,23747505300,0.955865212348498,0.0213246600296928,0.429052549146738,0.207471571061321
23009092519882.2,23638989672,0.940139332824023,0.0372304862989143,0.247167132473962,0.153823642934056
23025589151163.8,23628325158,0.924791143484957,0.0382304856978491,0.435795352654353,0.221701286323646
22991091357878.2,23773526446,0.926466251637311,0.0405319440423567,1.69204811646344,0.933288209705155
23040471664413.2,23424707682,0.872892293293671,0.0865829407032006,0.487620555477398,0.332348122720251
23036360616910.2,23566644992,0.896302584555089,0.0515765917612508,0.372203162783917,0.185277027696112
