0.118608931486252,0.969986184723608,0.474715797726382,2.90363018998319
0.150203519145175,0.992236929101388,0.467933491686461,2.58023906398262
0.100332115906325,0.782514359284901,0.304112287613888,3.15703949060322
0.092683193264836,0.861212468525664,0.304416904988878,3.28472870535826
0.115439583534435,0.927912092700968,0.293674067867616,2.94321931119725
0.0807123239085323,0.930005852416106,0.223981900452489,3.51989796288187
0.287779313331749,0.81482302099273,0.588662790697674,1.86410432467139
0.27324987064247,0.969041246456536,0.584269662921348,1.91302223341019
0.108246608880799,0.998540282343249,0.590136054421769,3.03943492942891
0.0862416092626722,0.985847711103002,0.279103929489534,3.40519176224985
0.0834528337307895,0.937891215276242,0.277279005524862,3.46162051413309
0.116314853599303,0.996538340862178,0.381786339754816,2.93212452702877
0.0913018930836463,0.785870074861308,0.277958035907419,3.30948265112003
0.0951378339879316,0.890208529226807,0.291477679637145,3.24207733589268
0.3353648691018,0.988666238245742,0.761904761904762,1.72679672682508
0.146926724111944,0.723152843436703,0.415523640471196,2.6088529603862
0.0733680766791138,0.667565469957332,0.252523836231071,3.69187027890175
0.108358118163304,0.863121415604231,0.495960385718009,3.03787061447854
0.328399457054295,0.983489210591145,0.672463768115942,1.7450134744207
0.274967760258427,0.930434360115537,0.666381522668948,1.90703696791137
0.146775472930328,0.954360944395278,0.467828418230563,2.61019681737141
0.247263973082485,0.844945185751481,0.746688741721854,2.01103476497169
0.0970427980988796,0.485284520776153,0.322392571798748,3.21009839761964
0.130747633075158,0.976373027011572,0.364907975460123,2.76555998154045
0.125151067539834,0.978558086423446,0.36000771307366,2.82671953824642
0.0715140597656541,0.588303111370234,0.418557773587359,3.73942031815269
0.0589972229526761,0.763136549941169,0.25733275538217,4.11703174056069
0.0711338439528585,0.978724780626023,0.278691219993423,3.74940074257364
0.126209604168657,0.942603826295361,0.310641627543036,2.81484054296462
0.144362800114369,0.977494253622009,0.354114713216958,2.63191798252902
0.0869930934736248,0.832154306694711,0.214870689655172,3.39045209690622
0.0798771396967692,0.885547978473246,0.172233400402414,3.53825189175
0.116877941969711,0.980843625536462,0.319886093972473,2.92505288212209
0.0951631245039003,0.990989072091546,0.353878339233988,3.24164650064296
0.12099053762002,0.790805101059572,0.244734737403359,2.87491028620843
0.0778812468026427,0.960184815955768,0.215184893784422,3.58330315734365
0.0991724123064026,0.974640916116028,0.268229166666667,3.1754447540794
0.152476941726063,0.987008682962597,0.41291040623261,2.56093121467691
0.0912374086787396,0.92613050821406,0.346921322690992,3.31065197589289
0.077761897322968,0.899733285728581,0.181231003039514,3.58605194185093
0.104050192045295,0.982166280771587,0.362514462013112,3.10012037139989
0.0855176061872006,0.996756690674717,0.32396474305671,3.41957577834101
0.0832334572512946,0.980467105899922,0.231818181818182,3.46617936836769
0.352071174034682,0.913009634737911,0.608497723823976,1.68532927885465
0.0327672905289635,0.874030170502463,0.23184924853858,5.52433153292764
0.203005635288365,0.988881734754732,0.510009099181074,2.21945300225277
1.78939305599829,0.928994796803029,0.75,0.747561843211467
0.0455536826922137,0.825714812801337,0.272948628445913,4.6853091680067
0.129705869969832,0.900264933990196,0.440618051200182,2.77664389199419
0.0500158806071901,0.925920601942522,0.282961910680991,4.47142592178746
0.0480327461179462,0.858322260276431,0.219547125991871,4.56279851604191
0.293690163564658,0.991568502679519,0.957333333333333,1.84525036299796
0.725435676651316,0.910306082611684,0.957746478873239,1.17408771780142
0.0739073820852161,0.96776597123803,0.26614874301676,3.67837574666847
Inf,0,1,0
0.047008516953476,0.90325743247859,0.206496098711668,4.61223816313999
0.0516972137942458,0.790002628654564,0.277397100638605,4.39811348404529
0.0989027482091619,0.971255974279086,0.42458530154894,3.17977082470196
1.96866245533097,0.866025403784439,1,0.712712491416703
0.166844256641994,0.993142760210961,0.417048054919908,2.44818577029773
0.0565896018763911,0.946230144699141,0.229017447199265,4.20369967077149
0.231764869731277,0.902275081926481,0.610669693530079,2.0771898713983
0.13585079395178,0.727099933074056,0.566225800268353,2.71311941728539
0.391334996355798,0.932471605330558,0.819480519480519,1.59854790664727
0.42764490899723,0.918225710058728,0.809139784946237,1.52917907605927
0.104539271642532,0.942691253353043,0.37448347107438,3.09286002261203
0.0564202848282571,0.636196090302159,0.294553046118808,4.21000258846929
0.168032862205624,0.98628710623685,0.551973318510284,2.43951159959806
0.10170772532011,0.915567204732223,0.249080399369417,3.13561713656813
0.0974891153737755,0.940745537599644,0.35249621785174,3.20274185364513
0.141598715215062,0.739448896238071,0.446227233304423,2.65748207341016
0.21541524840816,0.961407969001481,0.448509485094851,2.15457580687068
0.100627591550803,0.792436278416698,0.32595818815331,3.15240103089518
0.0972747035020444,0.912947175809733,0.258118389311561,3.20626963558542
0.14677312914451,0.990965475544393,0.480758505298383,2.61021765809987
0.577080232110128,0.950978531041818,0.823622047244094,1.31638189667294
0.177243826812646,0.993020530601906,0.579698957931301,2.37527797056259
0.234767257001682,0.980097986289594,0.457789979409746,2.06386476712849
0.109864521835468,0.991378964250256,0.553228091479458,3.0169718991597
0.496862978906168,0.964578053019972,0.810506566604128,1.41867096560213
0.246493430820412,0.827316117324607,0.529204892966361,2.01417557515972
0.046553924641972,0.684104525152393,0.157488530526445,4.63470237426142
0.369043478711467,0.92489804386672,0.908908754623921,1.64611901741647
0.128244694221747,0.944751398323867,0.344911937377691,2.79241715118219
0.0629318648194399,0.949540504447696,0.258313841147158,3.9862515346342
0.0931547766346903,0.874745431788508,0.308904189520364,3.27640391034527
0.43295673453159,0.979260470642111,0.774104683195592,1.51976959040968
0.0683701577097202,0.958290494162243,0.340737450022212,3.82442993731272
0.189563518420965,0.981049010652724,0.545454545454545,2.29679703875736
0.142731772023452,0.962000583974779,0.315569001629043,2.64691302592425
0.0636356561308727,0.924016988013223,0.32587034075532,3.96414687250205
0.0697376604934053,0.992713845142089,0.426102610261026,3.78674720077861
0.115933441364748,0.928818789560819,0.332652800816639,2.93694380024485
0.119204677401332,0.923964129262912,0.28928283642224,2.89636540576667
0.1084568102702,0.968978521908871,0.433299039780521,3.03648811905529
0.69418560227694,0.950481300461198,0.882978723404255,1.20022370217051
0.175954643860528,0.988833052808055,0.560262965668371,2.38396367298898
0.05109018692384,0.877154618967796,0.21068605754031,4.42416437343186
0.0867982146600181,0.592116997451834,0.255563798219585,3.39425607395442
0.23019863827576,0.928053933378413,0.474534161490683,2.0842443115591
0.0615193024803357,0.996840353542013,0.275192378160498,4.03175653585108
0.378644893184619,0.987808985642768,0.826498422712934,1.6251144355962
0.0387166195806668,0.94499353570742,0.181729200652529,5.08219452948854
0.062327017628305,0.659668079454782,0.185536692955487,4.00554695285434
0.067767719218023,0.903887273234267,0.168976416241186,3.84139144937362
0.172390808919313,0.979865748587161,0.462686567164179,2.40847945622137
0.124759029633086,0.894775168134114,0.342680412371134,2.83115734127677
0.814407404400714,0.925513916904288,0.96875,1.10810048061592
0.107564929027477,0.923038830056182,0.361295681063123,3.0490507461154
0.160676385861118,0.973268867887618,0.403703703703704,2.49473243072658
0.045039433501977,0.968273732456302,0.242871561948019,4.71198110537975
0.0481932800764855,0.952683928475398,0.218484462512868,4.55519273460331
0.0668781183254296,0.755967636131742,0.354604105571848,3.86685580310436
0.0837488031604854,0.525655563979072,0.34090382387022,3.45549839302272
0.0457007147523432,0.883866691365688,0.288231845826922,4.67776611703959
0.0515792278444122,0.619734609005342,0.228162132675569,4.40314088758045
0.0637337385870204,0.792211604562685,0.346072064823861,3.961095404192
0.553899498977955,0.852053079047434,0.841820151679307,1.34364491794823
0.0457951421078812,0.891349524949363,0.19838181705886,4.67294096534632
0.0258018040144145,0.765332171521843,0.17697527239512,6.22551041414678
0.05405549896176,0.903930243030504,0.223587753341958,4.30110514793073
0.0392394105393853,0.932512652972015,0.190604343720491,5.04822569065564
0.237384838990083,0.990226114922028,0.743766578249337,2.05245437022804
0.0594349098495642,0.75994391121119,0.274668325041459,4.10184453312766
0.0979675931154003,0.803395047841445,0.448830582927698,3.1949111192693
0.20811454276535,0.980839084017871,0.62574677201773,2.19204156762934
0.131503263200292,0.937436662512455,0.355274629468178,2.75760295066091
0.0490840942281342,0.761948126564383,0.221563661835228,4.51366797669619
0.126489473281107,0.913582277850875,0.358645499335262,2.811724777088
0.139739600493019,0.851768886302637,0.423076923076923,2.6751014166518
0.188238508099403,0.98731101747891,0.472258064516129,2.30486643744197
0.153495095769118,0.937023455895601,0.366318147871546,2.55242357896063
0.169176910498644,0.92890238921749,0.374401095140315,2.43124908478849
0.149152642780133,0.497663430792697,0.344086021505376,2.58931283184346
0.241885901333366,0.798323179188479,0.439499304589708,2.03326845179913
0.123130570121148,0.944320704586317,0.294117647058824,2.84981753799594
0.116781278937819,0.928005428113966,0.282286763861784,2.9262632045213
0.211389132936969,0.906719882416836,0.400662251655629,2.17499704526857
0.15621494831036,0.954665072521604,0.368596141051231,2.53010593441372
0.103867137836253,0.91163544104391,0.330798479087452,3.10285097647854
0.193467488649649,0.980856657927798,0.561311210036422,2.27350546706634
0.0987710421535062,0.429491908800105,0.443518666880308,3.18189014807203
0.100055729710713,0.906682856553331,0.438726187091271,3.16139686420408
0.105839544621015,0.776983806988336,0.380327524669326,3.0738029190741
0.0976932147536666,0.957864774763089,0.331619844590556,3.19939454135374
0.0683402172418965,0.916014067516516,0.200117302052786,3.8252676042635
0.0478189616146847,0.641836958000361,0.172655396284631,4.57298660637141
0.102089859026763,0.977971665394094,0.565923765882108,3.12974315267635
0.0823309420851543,0.713363868701804,0.23425483267512,3.48512578727976
0.0818218663926529,0.961477194185559,0.299955595026643,3.49595077700848
0.192291078923577,0.941828196669591,0.43359375,2.28044935587666
0.470957200339065,0.951202959556093,0.836158192090395,1.45716683928386
0.100001490469915,0.816736309985186,0.308600035758984,3.16225409403323
0.0390707471069393,0.942952084545486,0.127708342343122,5.05911022975918
0.134104468771583,0.792991754925753,0.544334975369458,2.73072756915706
0.0424481754969236,0.931280478399843,0.221734340062867,4.85367268782846
0.0264314719714499,0.944963342859411,0.182983011805356,6.15090932956986
0.138329160095282,0.974321926469442,0.533135681897454,2.68870484640017
0.147173843340178,0.936929987333972,0.446073856819091,2.60666178099408
Inf,0,1,0
0.161098157354255,0.99731705891993,0.777177177177177,2.49146455777552
0.0575142617375219,0.97158815794161,0.292036616422328,4.16977119857331
0.124452800688899,0.64440241506881,0.277604660615093,2.83463837846095
0.065447933864917,0.971117888245478,0.240918163672655,3.90887722345872
0.108760425619743,0.987896919516608,0.283918669131238,3.03224683043152
0.118524075709384,0.992365618400913,0.449162679425837,2.90466941222525
0.830724072416346,0.74513610830851,0.941176470588235,1.09716413417305
0.041338524440273,0.936414496565541,0.285250845289226,4.91838492490561
0.0964949884390537,0.923680030629784,0.396541262135922,3.21919749271639
0.25932408577924,0.757455413933441,0.486849240780911,1.96371551869984
0.152198636520808,0.983350157934214,0.429598308668076,2.56327156077697
0.812054975956536,0.749391324910114,0.929133858267717,1.10970433875991
0.0639318160261915,0.876878079874578,0.280365694383979,3.95495439058778
0.0903436126676412,0.905778435752015,0.235159686910815,3.32698829863407
1.00112807732767,0.70602623340948,0.96,0.999436438097423
1.00223992570634,0.688313337458618,0.949152542372881,0.998881915116916
0.432854669381612,0.971711720847595,0.802168021680217,1.51994875720554
0.380334639286109,0.98726508057924,0.825719120135364,1.62150039771977
0.666168643446834,0.888175853355411,0.849397590361446,1.22520259139539
0.602012313032579,0.946733149455728,0.868580060422961,1.2888349750131
0.180988453884812,0.9913849814904,0.548017348203222,2.35057744728759
0.195352753207322,0.959957964019499,0.476391231028668,2.26250856434908
0.744446976569781,0.865604547805564,0.889570552147239,1.15899914284301
0.409822336917511,0.977186393885146,0.76986301369863,1.56207609855152
0.0760827537637748,0.814143492160914,0.279021803182086,3.62540799704932
0.215157671920021,0.972952320162877,0.475642161204606,2.15586509873938
0.208073172802768,0.995945512715045,0.767307692307692,2.1922594721513
0.4130625929745,0.984805927244364,0.798206278026906,1.55593720822827
0.063055458243384,0.90218197080181,0.271496137011251,3.98234294252962
0.0653466029175119,0.329678914526685,0.365125804564073,3.91190673671878
0.0955518052828433,0.719717033311215,0.249240121580547,3.23504667972928
0.0821287217206949,0.657644983344329,0.371748336358137,3.4894137519637
0.106483151071491,0.94437668344814,0.293501136459298,3.06449948571983
0.295330263284914,0.944509159869352,0.684330052990159,1.84011948341006
0.0763781138448315,0.953703613914073,0.288435536467033,3.61839134024933
0.185859289774452,0.955794758181414,0.386858974358974,2.31957203056302
0.15326611007129,0.977267756551091,0.336288088642659,2.55432957876779
0.173382007890217,0.979044052447135,0.54855195911414,2.40158513048017
0.307804598114845,0.969846791602665,0.531194295900178,1.80244677178055
0.298101393718761,0.927700439717568,0.68801652892562,1.8315467006365
0.0596853303520623,0.85561797765229,0.226342403082109,4.09323047616393
0.206171502066583,0.984090800979178,0.577453580901857,2.20234667234946
0.152721336743598,0.776026902900261,0.385159010600707,2.55888130653562
0.0574207468080934,0.785333743378433,0.241105004339022,4.17316524383259
0.0436880602993112,0.934194213085452,0.259359407693546,4.78430235981514
0.0991335459203773,0.824963964045243,0.292250399006916,3.17606717692321
0.103405296984536,0.913253952025103,0.361092455786882,3.10977241502468
0.0382282989916136,0.88554307306328,0.13738690711914,5.11455099311373
0.0969566339730514,0.806197287467749,0.226281854467301,3.21152446763944
0.0702369975607022,0.841936183546178,0.214989771247908,3.77326259869201
0.0926177927220676,0.984496150801655,0.637825059101655,3.28588822948318
0.127206429599293,0.952970493449834,0.510185397116045,2.80378990954112
0.102735517588026,0.9889877231451,0.326601473922903,3.11989295455141
0.02917741796857,0.897608633962066,0.174381239728212,5.85432153862177
0.0506129800351015,0.593212443725228,0.200976826353528,4.4449721637645
0.0943284438485016,0.985823045730256,0.3386827148111,3.2559570325844
0.232810399311359,0.934055995983726,0.416155419222904,2.07252039089569
0.16724964755279,0.971760662782393,0.376005361930295,2.44521693177124
0.112618935841039,0.860124155212773,0.371380160197166,2.97984922665765
0.502539208384311,0.958358742233702,0.860082304526749,1.41063619919245
0.0587470123750771,0.760734087571071,0.237159729901419,4.12578989115787
0.146041297534174,0.990902401563666,0.563669918270498,2.61674955246026
0.367225543638509,0.970242730395631,0.779188712522046,1.65018850969188
0.147228571564247,0.98131447560437,0.472940029254022,2.60617725809109
0.147757703735716,0.906875481101919,0.403010508378302,2.6015066080987
0.0851746277247662,0.799662527908556,0.484912206918305,3.42645378036851
0.250243607306891,0.995425589318616,0.86741214057508,1.9990262823289
0.103957396511508,0.908313728599864,0.388318863456985,3.10150369363367
0.18236840197793,0.968948272107942,0.508077123501824,2.34166736684326
0.160004663624389,0.907493038307957,0.575907150480256,2.49996356623093
0.239144095122605,0.992239386499119,0.61587982832618,2.04489102615688
0.332206055532732,0.922775672629129,0.776404494382023,1.73498701062073
0.516822353043376,0.829112630818567,0.693693693693694,1.3910071280403
0.260936253743853,0.988917946998131,0.665966386554622,1.95763981184899
0.269411185455034,0.990935524182169,0.804932735426009,1.92660280639106
1.12449153017181,0.751548776799968,0.946666666666667,0.943022176033695
1.03760565150001,0.79594980522201,0.919354838709677,0.981711403423786
0.0659921091572703,0.808671293703398,0.230507878858883,3.89272743155096
0.0619274514845684,0.474816716659171,0.318050018122508,4.01844840095618
0.123957711040399,0.958698376717281,0.31484794275492,2.84029353938584
0.0437086084697903,0.959979658909051,0.248971674301206,4.7831776360957
0.0970074542798068,0.862853095952568,0.32273417721519,3.21068313002715
0.106915634610008,0.791505561753081,0.346869499622831,3.05829511444173
0.0822137989188125,0.88621554524551,0.345840381362448,3.48760781189622
0.0695490372750202,0.807850787466426,0.268969624776653,3.79187872263568
0.119780665823002,0.987951647561156,0.382053025152957,2.88939314811239
0.231590893973873,0.993629132847735,0.741339491916859,2.07796993841931
0.269992438666081,0.98955316696534,0.621241202815099,1.92452784563127
0.167749154287614,0.835986052805605,0.382785164450665,2.44157365580501
0.10199905314656,0.966660514793985,0.25207078313253,3.13113598843438
0.14249330606786,0.833493279551373,0.45531914893617,2.64912693617991
0.120912239939948,0.974612914806002,0.315092502434275,2.87584097104481
0.0731593793359917,0.7831141074282,0.252134146341463,3.69713231659078
0.0816331324273204,0.87770866418504,0.252928257686676,3.49998972363458
0.0362092758445728,0.815694335868634,0.289109665318563,5.25521006104106
0.0716882627410056,0.990079155002033,0.26149291850476,3.73487414601937
0.0609859437370001,0.978875214762467,0.18808966714469,4.04934822452533
0.0885004446680433,0.954246947659909,0.231589889484626,3.36145478246383
0.0611002923053862,0.827305134479891,0.228541083325287,4.04555729325334
0.113908885917149,0.972231434322063,0.253338729259409,2.96292868043089
0.0933086928744673,0.979616659057673,0.356966924700915,3.27370051858109
0.101058405125507,0.843105527593431,0.246160933660934,3.14567448674422
0.0694610587690141,0.360517769873224,0.307985779935836,3.79427933574987
0.0653895793858228,0.964293853448147,0.249021581124902,3.91062099998337
0.105741263463189,0.943003832881861,0.47355057130766,3.07523105950185
0.0596387159172156,0.788108107646295,0.314229406908306,4.09482982612724
0.0518440859330746,0.29238962352916,0.198874544852698,4.39187922929424
0.0957999356140951,0.587050191825643,0.25558407723842,3.23085443446351
0.206171942131663,0.926276064028337,0.48500386996904,2.20234432194143
0.0667877829498098,0.980501944266671,0.359817990899545,3.86947002248457
0.0754876386496975,0.876812439516011,0.278815650334861,3.63967059368393
0.0896676295277854,0.817238641313035,0.315645921150508,3.3395054425727
Inf,0,1,0
0.159925442962459,0.972861622757236,0.339297548045063,2.50058268050244
0.102185121646368,0.743419704595078,0.40070531599276,3.12828395271444
0.0375166772722708,0.8786008479991,0.247905636351451,5.16282989695603
0.0654780449152869,0.889436475718388,0.383762877012905,3.90797834251475
0.148988348273034,0.996727990586697,0.53407579787234,2.5907401000376
0.106136446018216,0.973038785707674,0.558064060956681,3.06950064809149
0.0486890762738708,0.650250004060569,0.452442680974818,4.53194084467476
0.0553616354804654,0.959535463002544,0.331282865363627,4.2500647271386
0.139845377324553,0.587417404637312,0.430994671403197,2.67408952307021
0.340169264798152,0.901833972363646,0.893525741029641,1.71455911849542
0.391284401570026,0.979401283113753,0.815447154471545,1.59865125292718
0.388418340573263,0.984978618269172,0.89179548156956,1.60453847613614
0.139155058411275,0.938368677457878,0.546529562982005,2.68071411466946
Inf,0,1,0
0.440187383714488,0.684691414198018,0.810898233391391,1.50723581222792
0.153153471208366,0.81390773883051,0.617431105177839,2.55526871483545
0.0923544403029528,0.680351465621119,0.306263842353342,3.29056981597004
0.22718203917834,0.939782055736246,0.57046657046657,2.09803632532146
0.125032943649332,0.555120310007937,0.406184850590688,2.8280544835561
0.0834132581524852,0.975190644983484,0.397500873820343,3.46244160295724
0.0829053567125532,0.765931655370928,0.276536590209512,3.47303135238479
0.109203466684408,0.976811800982768,0.247707590422822,3.02608963031068
0.0778834392417908,0.938775193285032,0.289638762708198,3.58325272152901
0.108898931177679,0.987103198965217,0.455441928414901,3.03031790119082
0.097868794032485,0.882590179789184,0.235999128350403,3.19652335260783
0.0982455849385533,0.859799267373033,0.291237830319889,3.19038782016697
0.193874202235766,0.755843507300724,0.463558920965452,2.27111951007415
0.137488108702341,0.832891932897424,0.268922852983988,2.69691606994441
0.123434785247691,0.844886215495629,0.25518341307815,2.84630356730907
0.0634558389897563,0.865137843161079,0.220975144272277,3.96975957336614
0.137947837120072,0.984892912249093,0.353448275862069,2.69241841453968
0.0873370913282942,0.901660533577546,0.316864748060112,3.38376845916039
0.314370038279478,0.898416170950304,0.691078561917443,1.7835259228507
0.379673321486586,0.970255148195032,0.627345844504021,1.62291195401528
0.106931788490286,0.95283793107822,0.443794086747711,3.05806410175702
0.680514024101741,0.813006892980782,0.913412563667233,1.21222004238178
0.0808103471973269,0.868703135166172,0.293382646941224,3.51776248963292
0.238223479468588,0.579667529751482,0.551841359773371,2.04883846116728
0.103967502249221,0.765371489090662,0.215271389144434,3.10135295545181
0.0585071744434949,0.73238866360364,0.237611270764702,4.13423764916967
0.177683381664848,0.973594770467106,0.50308341447582,2.37233815860075
0.142689995672915,0.963330073059784,0.305157037611477,2.64730047521029
0.0353661250663389,0.847041775135651,0.182920770004969,5.31748484468711
0.0156349626496156,0.397547767988111,0.101858137663156,7.99745078068863
0.0362865839433852,0.663849284762556,0.231893761856936,5.24960899759383
0.163026538130006,0.808047684444625,0.425196850393701,2.47668541595991
0.255186533492194,0.984203213326636,0.822733423545332,1.9795711863004
0.0543998295494719,0.499592318749139,0.241926182237601,4.28747134549588
0.181057114636091,0.944243463170148,0.43701226309922,2.35013171026818
0.0871442964134072,0.902021758601894,0.287559483344663,3.38750945516156
0.0650538600921746,0.932631103833012,0.465045960328979,3.92069866072687
0.0493042670249302,0.892260499200107,0.266326490249595,4.50357859794255
0.0726441748892182,0.932524189777719,0.186634130982368,3.71021948899196
0.130798378847608,0.982070751829067,0.491962251871136,2.7650234531318
0.110286641517847,0.896309657745983,0.598492723492724,3.01119266726255
0.0710820302522323,0.961858180837945,0.266894095218984,3.7507670157198
0.0624440169762683,0.874433432214453,0.247212931995541,4.00179266115245
0.0655924509619897,0.803623939981361,0.255309423347398,3.90456871631344
0.0984622511209501,0.807552865189574,0.271275382158339,3.18687566279755
0.116766599909592,0.972614748625492,0.591379310344828,2.92644713276067
0.107286984400222,0.762622846071945,0.317534123293835,3.05299772585269
0.0733589875168699,0.631581592718768,0.20236827266462,3.69209898277126
0.0512600346067321,0.9817043486806,0.219170275814908,4.416828662805
0.0859145561429498,0.779804110916794,0.392761244126203,3.41166692073544
0.0660247840287689,0.780321869261008,0.482060860767375,3.89176408035555
0.0723864654141591,0.964998217238223,0.299852428647681,3.71681816180034
0.140589494328857,0.551613725240759,0.476803278688525,2.66700337679207
0.0740252133271512,0.970130301712556,0.270215667457952,3.67544701347137
0.17904338448024,0.579414501992652,0.602228556620886,2.36331091410192
0.178194071619487,0.952955694648145,0.54839845124956,2.36893625376136
0.0762151874026732,0.558016164738759,0.263637036488787,3.62225682245151
0.19658019617958,0.94123956657007,0.534317637669593,2.25543397362685
0.117475135590634,0.907912902491734,0.378365937859609,2.91760854677283
0.0918913947002251,0.826894619787263,0.208817869990797,3.29885007566565
0.0958039037728431,0.964961984048212,0.354469854469854,3.23078752343201
0.151010158577332,0.892314945021782,0.486537425955843,2.57333850361087
0.161549413955755,0.96006032307571,0.386560443366817,2.48798241562227
0.227779904102223,0.897752310781497,0.441290322580645,2.09528110752011
0.165278994728893,0.913421799690692,0.357575757575758,2.45975112943461
0.0676729430005001,0.899021205161354,0.301568766817282,3.84408044998
0.0238226146404853,0.843149382562176,0.129432113000865,6.47895982883495
0.0477213613113738,0.933910221029806,0.234971470642371,4.57766058143596
0.0425432430919841,0.830436400117389,0.264405606506316,4.84824661988026
0.0701313891882339,0.936408908864147,0.252259036144578,3.77610254113517
0.121857944067751,0.837943955627282,0.439375256884505,2.86465995218072
0.0549910269801578,0.787188471189594,0.236817177139248,4.26436219772496
0.0811472512607027,0.620421330140058,0.325373344604114,3.51045243826276
0.169953679574923,0.970757266949735,0.355912061794415,2.42568674005638
0.0241409055975737,0.952843901289493,0.161552147167924,6.43610648887062
0.0327889255304467,0.811028151409049,0.1756465746999,5.52250868205773
0.0502739745112002,0.72166339745689,0.233957486506297,4.45993356669137
0.0845592596164585,0.966040411801057,0.388049829125785,3.43889894694525
0.104318590313778,0.994753979640942,0.522134158128745,3.09612969808324
0.0836071656255332,0.167972448395039,0.284324256018197,3.45842410616607
6.54225875383131,0.866025403784439,1,0.390963434793404
0.138148371222672,0.961077825131851,0.36669874879692,2.69046356779157
0.0315989896866646,0.775518732520501,0.211674478057094,5.62552943489652
0.0702394411737729,0.844296393474445,0.2620565839163,3.77319696267721
0.206182454807366,0.878377946070588,0.701876675603217,2.20228817548902
0.0752675957405285,0.797082719680505,0.20917225950783,3.64498695334193
0.0546477322642406,0.954373291622242,0.293269055184252,4.27773549841569
0.866761598298162,0.885379677955683,0.890625,1.07411348535524
0.930782369340375,0.732926089464813,0.875,1.03651579811697
0.175905634698948,0.996057973550268,0.620828538550057,2.38429574854825
0.0454668686895813,0.988603337513321,0.432220655069738,4.68978007702198
0.107538229947166,0.960100193484976,0.340167197452229,3.04942922453459
0.0628473762525857,0.670281722835597,0.326396596374399,3.98893008371592
0.0668229907044828,0.859280075993738,0.333023471996282,3.86845051333428
0.101199214633444,0.983557051236485,0.444025735294118,3.14348526490346
0.104275046945627,0.671400938088937,0.325581395348837,3.096776074412
0.720313994884233,0.932685676606754,0.948979591836735,1.1782544092486
0.106635344680632,0.721926879643648,0.243987172634955,3.06231182565401
0.145422255965302,0.991021097589161,0.668062596429359,2.62231320054698
0.0750801126378738,0.872125893872141,0.45664250568753,3.64953507771699
0.982666780685149,0.782651029817212,0.910714285714286,1.00878092729009
0.126343836098643,0.979710365871736,0.429841515268651,2.81334485508001
0.651329695812549,0.95940218630053,0.861111111111111,1.23908060855423
0.0830009794225728,0.768116393824509,0.368274037047927,3.4710301930134
0.199426092456086,0.995945710799459,0.77039067854695,2.23928313938052
0.172041646324862,0.974331982077441,0.500309023485785,2.41092225046202
0.219049648692665,0.851349404327961,0.554643082754264,2.13662703611042
0.109359001616617,0.966118318588266,0.344142831116779,3.02393694920226
0.0585341982566441,0.846986377984077,0.249500265165422,4.13328320059958
0.235884344951554,0.901814784813967,0.464450127877238,2.05897199959234
0.19494715164828,0.91896170152738,0.451575931232092,2.26486099721604
0.712273513199527,0.839148195487189,0.936886395511921,1.18488609403759
0.114666775753888,0.978654127967041,0.433533181724209,2.95312071137948
0.0848952539695154,0.769334295589045,0.288441085922194,3.43208704588181
0.186864365050434,0.944512188420205,0.413129598189021,2.31332555381981
0.0990152334481688,0.869486415491386,0.43832741362609,3.17796413844578
0.065557427293587,0.910470426710368,0.181582666038625,3.90561157343671
0.177699343273305,0.978564751463528,0.444855206407887,2.37223161013952
0.13249697900541,0.928468446354797,0.349825562955915,2.74724259766183
0.137185420665584,0.98145670894419,0.402123730378578,2.69988968928027
0.234396536853348,0.958746764255381,0.499341238471673,2.06549622034035
0.205150331601124,0.995845019610768,0.712418300653595,2.20782114476184
0.137193123555564,0.981871922295695,0.350455675227838,2.69981389377164
0.0719420087054027,0.981536567066744,0.292875610456765,3.72828170858142
0.0496848569324995,0.919770938791468,0.178677714885919,4.48629655592948
0.175805430266494,0.993381438105151,0.529411764705882,2.38497514442224
0.0715974453330405,0.82156333415878,0.231955534679818,3.73724213620499
0.17813789235428,0.945025932444033,0.522458100558659,2.36930976948338
0.0953759727772941,0.390748624961597,0.224662336323332,3.23802732789442
0.0561707206228706,0.853728484463425,0.131095852017937,4.219344657682
0.105482906892348,0.970121577448479,0.315950920245399,3.07899479847371
0.0396733747023033,0.595477801348404,0.241864437252787,5.02053995836726
0.149237627678705,0.875835217011972,0.357432221875974,2.58857547147222
0.100918873407197,0.977969200256802,0.345437537205545,3.14784836038049
0.135051426421981,0.994718964025286,0.491816693944354,2.7211370289563
0.0601694902230932,0.858259825632797,0.234644426913107,4.07672891784362
0.166446054911536,0.805686626335257,0.341818181818182,2.45111251266449
0.0791339565863868,0.803979738556291,0.194147262429201,3.55482773422228
0.055171593474261,0.674974477891567,0.18625379031517,4.25737824154304
0.104164684721664,0.981054725753297,0.462149728147219,3.09841615338011
0.154656889945499,0.955930250642161,0.458191449110859,2.54281850760953
0.0998887624933153,0.990065141205292,0.382574082264485,3.16403794829186
0.176705170705597,0.98731024634724,0.530696025377869,2.37889553424131
0.043027708897826,0.970289240302713,0.198591951969123,4.82087520280098
0.0755949905803078,0.983184870247872,0.341343795978421,3.63708533983765
0.0433868690003635,0.931409853726114,0.208877589102444,4.80087993366029
0.0341568017087889,0.942645691230423,0.164617708919631,5.41079899567748
0.16492553296375,0.988139728985564,0.58937022206043,2.46238553851655
0.256382979491525,0.971287722788409,0.602789023841655,1.97494681601144
0.14379855184441,0.859491170609712,0.274233128834356,2.63707659228499
0.139314100265967,0.966494542906454,0.329346092503987,2.67918351764757
0.0231265366305946,0.925310518893226,0.235334918747523,6.57574102049576
0.0740334904417068,0.896409876732182,0.310115165811017,3.67524154601228
0.0965782474401655,0.833007563313104,0.318534019569029,3.21780957687907
0.0308470948223345,0.892326159069777,0.137895946786259,5.6936775192741
0.0410494242671092,0.918970595973694,0.269705394595649,4.93567397596719
0.107147625333161,0.975058690424186,0.392310710082385,3.05498248595013
0.0900968256906558,0.990700368901871,0.502140537348686,3.33154171048432
0.107472265975874,0.981652873087193,0.457231355730284,3.05036491526276
0.154623278327726,0.724575592284028,0.35197225834417,2.54309486832461
0.0614115140571343,0.928273121699815,0.4125,4.03529321918485
0.0544498772299448,0.980789761687793,0.223146844194085,4.28550047488106
0.102520113857258,0.827561802053131,0.329354404841964,3.12316881879489
0.0752619189938944,0.96754847926026,0.457739535717487,3.64512441513891
0.230041182701142,0.988142111853617,0.690430065865943,2.08495748766239
0.183373299543301,0.950217360682976,0.434904416611734,2.33524230785233
0.1347115752561,0.864882537105477,0.456122620852282,2.72456731719803
0.0680922025767819,0.889670895325258,0.230907837074278,3.83222772676104
0.242890463327063,0.794155691016681,0.513977304179352,2.02905943411745
0.153425270817032,0.579319925587002,0.511712214166202,2.55300432612223
0.24338180626774,0.753055233583301,0.512450546893181,2.02701025113908
0.14815104533734,0.992454717464736,0.52321498244245,2.59805080770158
0.120898555352873,0.962430748650357,0.47658369706264,2.87600372560579
0.069663498724928,0.959841164418487,0.283027481055419,3.78876229600558
0.0394257068945711,0.635583526328224,0.263021055323502,5.03628450129463
0.148840437877744,0.994812198240718,0.576315789473684,2.59202705620452
0.150876648870942,0.88211602029885,0.431661297745053,2.5744768165954
0.0743252027264474,0.954282090555644,0.296626475115444,3.66802214331673
0.13735109929051,0.978510921781308,0.425360710321865,2.69826083815675
0.10971500611779,0.815202070647308,0.482758620689655,3.01902691040537
0.0841512629472573,0.873120933895258,0.236132930513595,3.44722539825838
0.0936520712348384,0.956037887656147,0.250271640709888,3.26769344261023
0.0919976010010137,0.752722517275825,0.278492906135488,3.29694535295786
0.152039115852115,0.910285318053099,0.35459940652819,2.56461591085894
0.117241141851705,0.950063741374844,0.315089779005525,2.92051862518669
0.169585345710439,0.986204905411013,0.469442578912022,2.42831956764673
0.0242968540153404,0.931901621891357,0.121646903820817,6.41541828854321
0.058301334910743,0.745869614719986,0.20606330806955,4.14152941822915
0.16054705670507,0.776791980669836,0.492994746059545,2.49573704799076
0.0400687478690702,0.885820568320804,0.217402826855124,4.99570878885946
0.0498104173399026,0.75520286798278,0.193893528183716,4.48063853608977
0.242847325170478,0.970230677688876,0.615248674577127,2.02923964198423
0.065842374457965,0.910275665237581,0.345137157107232,3.89715121917303
0.0915818521067928,0.848701462091353,0.294356397371473,3.30442035619616
0.0573717918684396,0.942416569669687,0.165860818511483,4.17494533020697
0.0412039092023711,0.804579888997172,0.233924206273695,4.9264126785967
1.30676446219961,0.841497986449233,1,0.874785029896715
0.0845094146999017,0.757995789040956,0.417465482367426,3.43991295446046
0.078291532182594,0.873848309374853,0.25139337048988,3.57390170594287
0.119666181655638,0.935494124336199,0.276815398075241,2.89077495325432
0.0569848471572662,0.944160520310781,0.336174609324551,4.18909593318963
0.0940214661748444,0.772833090091529,0.200041245617653,3.26126800913425
0.0579724571027446,0.949787905933679,0.377389584706658,4.15326025479341
0.042987688132275,0.961087222495408,0.330545578480979,4.82311875485892
0.0558897432569494,0.816695355198961,0.21313646295438,4.22993742462497
0.135006414677922,0.963684959923624,0.392074960487695,2.72159061079678
0.0501951942012938,0.926166351474622,0.211893112532932,4.46343208085341
0.0595294566962884,0.958960015432622,0.399216524216524,4.09858588945486
0.0586307495563743,0.853044438747148,0.374399764324643,4.12987851705703
0.283954264928102,0.797363366576704,0.732568949488689,1.87661767298908
0.31633725494908,0.990519037103147,0.865293185419968,1.777971639201
0.141513285389024,0.99465471201968,0.48169014084507,2.65828409697073
0.244950347128362,0.993750114142834,0.783783783783784,2.02050984257261
0.301725639422445,0.992397255022523,0.774193548387097,1.82051344989558
0.29222784922469,0.987009777731295,0.616915422885572,1.8498614376451
0.0911243787860224,0.859715688394961,0.256396097920118,3.31270459164251
0.0744009527419811,0.782043381647251,0.225375282747275,3.66615440182398
0.251147826564855,0.993939855902411,0.834832904884319,1.99542444356174
0.174385875995193,0.91753879973553,0.371845005332385,2.39466268241082
0.124097067379261,0.973578390294554,0.342240117130307,2.83869832001244
0.174121474861865,0.997614602785072,0.733449477351916,2.39648012437756
0.198130261458255,0.990256601773518,0.577195467422096,2.24659399484214
0.065281444378426,0.933925209345354,0.205017198434349,3.91385852071034
0.133138008156,0.982591996727704,0.457142857142857,2.74062094427186
0.0759097079453637,0.675667652445883,0.26290346208311,3.62953793365546
0.0448741788331228,0.764315081131116,0.18111357165454,4.72064935648938
0.08219666386277,0.945470972093841,0.223872486868321,3.48797131351754
0.135666757558295,0.916349729107615,0.611421681464431,2.7149590112393
0.0721446732383839,0.866171104988894,0.175276752767528,3.72304139197898
0.0639632867084686,0.988434300398294,0.29966926529648,3.95398132906459
0.0837627363792671,0.832965429367598,0.232264579651603,3.45521098468618
0.135378034874855,0.88075557540338,0.372897196261682,2.71785258534872
0.0886394198700211,0.826456953111697,0.216497915425849,3.35881858452308
0.263613952058935,0.878967863869342,0.507122507122507,1.94767192444151
0.0692648130532712,0.965892332615162,0.183368869936034,3.7996506372557
0.120160516732927,0.973262221057202,0.36253677672442,2.88482256451473
0.124631410151013,0.980960538202592,0.441083892158204,2.83260648795299
0.130323619726447,0.95662717103687,0.286516853932584,2.77005526066191
0.0360966981336096,0.711053599846201,0.186866212707588,5.26339860715193
0.0858673948261068,0.929117981471452,0.256259679917398,3.41260369433985
0.120082093500042,0.934918082225407,0.277832373999719,2.88576442095448
0.139229666127044,0.948552806859476,0.388775670167738,2.67999577366221
0.0618925730848502,0.982730761532405,0.277799352750809,4.01958050213111
0.101549331622485,0.960967377532085,0.242643730194658,3.13806160599901
0.082712448822436,0.90541449515576,0.319413261487801,3.47707901977897
0.14634746520811,0.931788037585212,0.548810250152532,2.61401092086749
0.0338988430398265,0.353599943301182,0.178175847141364,5.43134714891437
0.124780844030336,0.963822646348372,0.296473810338925,2.83090985661323
0.0231929516121912,0.865426299857397,0.196290341104858,6.56631917487801
0.046260027186884,0.937240611329424,0.322780971787594,4.6494015725434
0.0490346171976595,0.957052977889764,0.256594799261508,4.51594459875165
0.0930109513222663,0.988751608277804,0.429410485098978,3.27893612715007
0.0928790526860195,0.955409344170473,0.481655583581747,3.28126352905015
0.0317436905364473,0.948820876157156,0.21640103191151,5.61269304670623
0.0408859157950178,0.859536911683643,0.202561926074543,4.94553335239733
0.0829443108604984,0.992709346738282,0.478132496770622,3.47221571558102
0.0452638213543193,0.947809194624885,0.330090573633009,4.70028716408116
0.0666030000877333,0.988677210333112,0.464699331848552,3.87483401885481
0.0938537592059095,0.92073685116331,0.348445595854922,3.26418048310031
Inf,0,1,0
0.120764720621812,0.99493919389544,0.526655674635889,2.8775969168976
Inf,0,1,0
6.54225875383131,0.866025403784439,1,0.390963434793404
Inf,0,1,0
0.0994962552486929,0.986322021424171,0.388670338316286,3.17027278300679
0.101988561380122,0.947779577229015,0.571856978085352,3.13129703739031
0.111410769391769,0.664955955742766,0.385423728813559,2.99596277744172
0.167447289686496,0.966517623205837,0.470511567285761,2.44377343100429
Inf,0,1,0
0.133061932522644,0.882591160370316,0.4338146811071,2.7414042813165
0.247903828357394,0.970285212800168,0.504028648164727,2.0084377849383
0.127481853076057,0.898736024622563,0.452769886363636,2.80075948953853
0.170118646736471,0.983225055018995,0.787141615986099,2.42451033840569
0.15812230672566,0.924631819713295,0.455300439667807,2.51479987068505
0.0570539546012146,0.991067505190746,0.253252991005152,4.1865581123484
0.0720582328497004,0.922399528906609,0.261930113251379,3.72527378567442
0.07824692362408,0.773921378262364,0.279664960446719,3.57492030118084
0.192599838330334,0.977235699482606,0.506054020490531,2.27862071309344
0.235005422938784,0.793112023165835,0.507572599694317,2.06281869150705
0.146870679489559,0.932179100077269,0.381862469552183,2.6093506711405
0.0995443642401331,0.86500713700145,0.416835211403255,3.16950660674179
0.061617080502721,0.947095043504948,0.194646958953361,4.02855633799828
0.15935676912242,0.896723462913122,0.328448550493788,2.50504044400102
0.0770886553596577,0.834008736494401,0.237700261333939,3.60167701887261
0.100234425767801,0.990983638329597,0.351149914821124,3.15857756753449
0.120842517385542,0.95463554290703,0.277436347673398,2.87667048895382
0.0355528123495466,0.807195921419455,0.161351786479181,5.30350545264579
0.0283204641583253,0.645003011809934,0.164543280597701,5.94223491103282
0.0935740232465364,0.931250399017958,0.241646607645547,3.26905591337278
0.0400867867790388,0.706822609793174,0.191360185235044,4.99458463687956
0.111368305436583,0.995183750158806,0.485637039540385,2.99653389282265
0.122294109872062,0.892370362966893,0.26370295529174,2.85954693909217
0.0995594666468361,0.957281100940118,0.261365995432842,3.16926620271571
0.082546381216339,0.996515030707143,0.461325008671523,3.48057487297316
0.182914776532444,0.982055461724857,0.69364161849711,2.33816741909457
0.0283495719695628,0.939849612249765,0.17689409393074,5.93918354445466
0.0366569601829412,0.9317506339312,0.143525398540935,5.22302104945856
0.12898389906842,0.993186315479012,0.555946291560102,2.78440400286838
0.072021661362877,0.728401071839265,0.185971434161612,3.72621948387124
0.203627940517629,0.983537826668096,0.639692115664656,2.21605898355432
0.0854203961141035,0.907787046610646,0.241628614916286,3.42152099696532
0.382764181910795,0.975127896026025,0.927916120576671,1.61634608103853
0.0327339138567831,0.931763926177232,0.222149709586896,5.52714721861466
0.037120959068009,0.851321415500179,0.25673889303983,5.1902754408186
0.110178696784788,0.955567478982826,0.417734467535264,3.01266737527845
0.0682888314727693,0.858289527551543,0.296053275878954,3.82670654640164
0.0925373944351028,0.991551744492595,0.413095554964067,3.28731534135617
0.0610661576712753,0.862893127889778,0.24301048427359,4.04668782390089
Inf,0,1,0
0.441566407916785,0.973347399954048,0.860869565217391,1.50488040205614
0.0561730412141343,0.883952256174861,0.257428115015974,4.21925750310335
0.0669660263649547,0.63248377043561,0.25362872421696,3.86431690866416
0.131053787476474,0.586366625690359,0.421747162839799,2.76232778412824
0.0883485471410876,0.931563583037587,0.23387782882423,3.36434321360606
0.0978169845128582,0.638860289043473,0.214342157250099,3.1973697721576
0.0630570092890249,0.840847897636646,0.353277657018648,3.98229396436117
0.229948659499286,0.947848659536024,0.475720164609053,2.08537690202663
0.0536283508469483,0.885143332497694,0.237215804576558,4.31820025803498
0.058546383396465,0.83687170049084,0.24290680722216,4.1328530522997
0.0464005845746802,0.664986408440163,0.19670519960687,4.64235421095452
0.0849573034963109,0.93831238888576,0.249812130971551,3.43083348517026
0.0886801013360753,0.980804714292124,0.346800433839479,3.35804807717898
0.131522598871293,0.996723013115434,0.526872619551418,2.75740024001001
0.11798760798147,0.988166950737524,0.370361503471391,2.91126541904634
0.0511845376300739,0.934822536698989,0.235617533863148,4.42008486433089
0.0695835406209599,0.975067170669316,0.263693403425471,3.7909384950713
0.0872327669579441,0.96902882947863,0.290024514425797,3.38579123136817
0.126433795774928,0.954248861224042,0.49325500435161,2.8123438069588
0.141742656001911,0.983799968004482,0.428571428571429,2.65613238364896
0.0871177887905209,0.851787732153518,0.25944469731452,3.38802478041777
0.145876285256173,0.933612504671284,0.296153846153846,2.61822914101441
0.0381512432173314,0.735662172218478,0.225178031855935,5.11971343155801
0.068573263402248,0.957639829151432,0.269831196852392,3.81876198835151
0.132906712318686,0.943383935600957,0.428695221589502,2.74300464128477
0.240126283400903,0.964557634773962,0.5181592039801,2.04070463308997
0.0997723086914498,0.919871368367678,0.419678714859438,3.1658839354119
0.104691158252666,0.949197800440656,0.328790087463557,3.09061563760294
0.10216634404228,0.607067983461165,0.350555327025915,3.12857142007582
0.0645471798858463,0.966882988756924,0.380517951736315,3.93605686202484
0.0757542955866217,0.977684142883483,0.469796341042458,3.63325908266045
0.165772303122026,0.945726596102089,0.495928338762215,2.45608851533524
0.112847034494963,0.974237554160135,0.376381617219314,2.97683610620335
0.142155118219331,0.886260217167998,0.272132933805503,2.65227620841078
0.0757644379166763,0.72676122276364,0.29113590441887,3.63301588844478
0.126899880804111,0.681704672277326,0.436539041302382,2.80717438859733
0.0564630385506447,0.454909146987826,0.254961542113759,4.20840838302001
0.175999720934283,0.965106830765589,0.570306362922231,2.38365836287987
0.0553783391675099,0.928308757613422,0.224279341934865,4.24942370840926
0.037438072221526,0.778386279450978,0.290824300478951,5.16824699895697
0.377187066825422,0.973967870332309,0.683988764044944,1.62825193699602
0.0398930242668371,0.881424684125012,0.295511172631995,5.00669942399262
0.097140045672453,0.636396225527495,0.306717984604619,3.20849116938009
0.0919657072266441,0.907661356010167,0.452513966480447,3.29751699492771
0.0803009954847311,0.950859406031857,0.531167743479301,3.52890149225109
0.0680471173113594,0.817175610352593,0.220253016964962,3.833497056027
0.123913812318578,0.951103786186392,0.321078989301161,2.84079660765803
0.146638157888847,0.991898153665683,0.474066111260414,2.6114186528774
0.104609597763998,0.93554891531757,0.335205267234702,3.09182022596403
0.313395859896089,0.981131576904714,0.75089605734767,1.78629578120109
0.0727768401397781,0.397792513867147,0.242811110657911,3.70683625802073
Inf,0,1,0
0.39989519921419,0.948052927959166,0.79009009009009,1.58134600153441
0.131236550477341,0.590283229642263,0.423331494760066,2.76040367379955
0.132406274100855,0.931970880585993,0.36820987654321,2.74818343568969
0.147025127312365,0.787333522804624,0.416026133743274,2.60797976797658
0.14971478081142,0.979626332886309,0.584867075664622,2.58444717970149
0.164913999513146,0.973717153845538,0.443850267379679,2.46247164189629
0.140048158109947,0.972033747846332,0.354679040989946,2.67215286638535
0.0626953845646506,0.543057009244856,0.217507339204697,3.99376231509533
0.042764052911075,0.645576121989602,0.167095115681234,4.83571359407405
0.128120831109276,0.809977682734701,0.427801418439716,2.79376663479559
0.206849119952209,0.995404002293456,0.677603423680456,2.19873637490088
0.239052095044885,0.990580254111361,0.635029354207436,2.04528448021997
0.145115488297291,0.973460683681664,0.363917525773196,2.62508346382309
0.065924147887501,0.964063533253057,0.239779755619249,3.89473342298419
0.175357934691719,0.934247894063649,0.417152373022481,2.38801631220273
0.0522175971582264,0.647325971531735,0.212755519215045,4.37614353592471
0.0860746974510693,0.96955847706674,0.254893431926925,3.40849175325975
0.102971012125766,0.790392450745928,0.304359599241809,3.11632331738084
0.217549449230261,0.923651296315211,0.523538842734295,2.14398136346199
0.129721434657593,0.962841188598707,0.294705294705295,2.77647730853108
0.782965975494769,0.869538349991608,0.876470588235294,1.13013039399461
0.0998360644678025,0.976246169800619,0.332469086557639,3.16487289985052
0.257425364527467,0.99270314642515,0.592592592592593,1.97094421266542
0.0763529734040481,0.842107149383785,0.299287410926366,3.61898699790504
0.0491686097541929,0.756630183404821,0.196897869010908,4.50978705454855
0.066409383745996,0.994025074929193,0.332909286622957,3.88047844074837
0.0525536062074273,0.941026625507168,0.15351141749246,4.36213135084014
0.140839320496747,0.962137647230274,0.337616822429907,2.66463691064892
0.0975029713956555,0.877075466869955,0.405071248952221,3.20251427679657
0.137182929030276,0.690244619892774,0.296395193591455,2.69991420803775
0.902413579782112,0.760890563940765,0.987012987012987,1.05268198071139
0.0708079686437474,0.986856697829223,0.247260273972603,3.758018660711
0.0734039897773092,0.962807498598377,0.25460912555361,3.69096703970933
0.0885863190551347,0.92289705618494,0.297222716752715,3.35982511287904
0.0642540343040015,0.682328856038781,0.172164820117017,3.94502536220767
0.0536138506276125,0.978733964437789,0.222456409273807,4.31878416142065
0.0232829779038217,0.907556417990427,0.164785155389832,6.55361216841743
0.0624163196226422,0.989388231883598,0.47923081757054,4.00268046400284
0.644763175675534,0.805408191424272,0.876666666666667,1.24537426544013
0.0593198756639783,0.903367104204036,0.243150316965725,4.10581979272956
0.0645684016652477,0.988459927345869,0.274327722963823,3.93540997443819
0.038085934692617,0.378456574684821,0.161789548253501,5.12410111061615
0.620349360164883,0.85997246580069,0.880769230769231,1.26964360836256
0.0365755787619837,0.934641762822834,0.198591774683949,5.22882848589105
0.111836339802237,0.821548141208208,0.273390523530827,2.99025708126047
0.0790267855728816,0.848865687490191,0.342426484187165,3.55723733125081
0.120415082223308,0.966265585634696,0.430195941217635,2.88177159781643
0.0963426129499975,0.899302692083821,0.263025356026398,3.22174222850996
0.124128404943399,0.807414366500009,0.627679662334777,2.83833996728078
0.0870082153183758,0.967439910556361,0.410793833926225,3.39015745738338
0.0699677075682514,0.809201699019193,0.194262610704659,3.78051684555798
0.0394703110156169,0.935518275920649,0.230435944418995,5.03343802583056
0.181687463475277,0.848890243315393,0.503178928247048,2.34605137940654
0.0829792744648312,0.990145720597882,0.42785100286533,3.47148412345685
0.0588697280608539,0.85300943309638,0.233038542766631,4.12148748246004
0.270902013514304,0.7020653515415,0.821705426356589,1.92129425217345
0.10752006321486,0.935204114972899,0.442553191489362,3.04968683145422
0.0769339757796379,0.988055582204814,0.350416740556836,3.60529587609326
0.0896163562845334,0.961193164769454,0.324260099373515,3.34046064091729
0.173296109677703,0.982182255358519,0.453980099502488,2.4021802572643
0.326620541180922,0.755617532288861,0.738714991762768,1.74975906831888
0.140421862184717,0.814882998798595,0.37860947574993,2.66859480329857
0.568226949986203,0.935631925281046,0.895091434071222,1.3265972300689
0.249223376114529,0.973418473711193,0.561442236938926,2.00311375206553
0.212408927761942,0.846174283475235,0.646374458874459,2.16976958277185
0.598334156733626,0.938925515309264,0.944122298365841,1.29279035122511
0.117660509748483,0.937968118788412,0.34052111410602,2.91530929435822
0.0485808981678702,0.930204762147399,0.176557567038325,4.53698381606573
0.150310704741849,0.949068108609604,0.432466311501097,2.57931892397735
0.293565776214523,0.910680552983269,0.736162361623616,1.8456412489825
0.110901237363644,0.80785437893719,0.265141143490449,3.00283731570112
0.199610162484182,0.985015131089393,0.473684210526316,2.23825042648425
0.102109501142544,0.946971706394963,0.259086672879776,3.12944211441185
0.14761900446313,0.959011215859314,0.428509719222462,2.6027284777325
0.134322582435695,0.951124862011881,0.28783282777216,2.72850958402864
0.0430097304340487,0.44151869888235,0.208858694039814,4.82188268266437
0.0472276864175235,0.391882983876266,0.174969271925385,4.60152371417542
0.0922153870564661,0.958946092551963,0.280609609092475,3.29304983621298
0.0882959737125876,0.855631792936699,0.29766711529834,3.36534466774339
0.0831612445391664,0.256441512712017,0.215382877795347,3.46768396284955
0.146874484189284,0.930964640946903,0.590333716915995,2.60931687405134
0.0729307323301241,0.587695760328991,0.185648621041879,3.70292326838632
0.0789737761946519,0.876428022058287,0.213871509232413,3.55843098891802
0.157727974738708,0.941565042669299,0.570162481536189,2.51794150423105
0.0946715689190724,0.912493847874482,0.36917824920751,3.25005127531342
0.187212423455829,0.965363585902247,0.721017907634307,2.31117412878744
0.0379738804882421,0.791401014907116,0.14303466598106,5.13165569966209
0.10514581070164,0.964163797167193,0.288885288399222,3.08392645887008
0.166281419821645,0.926972974768597,0.310661302489314,2.45232563465001
0.0593912235579977,0.952511289154772,0.243309299767811,4.10335284887868
0.0527694510323579,0.582179918712584,0.175972408507377,4.35320091627116
0.161912438487011,0.985222865275548,0.428888888888889,2.4851916927682
0.0730236338070546,0.902256869056164,0.23686974789916,3.70056706872397
0.0519610471427824,0.667165360620958,0.30258261283192,4.38693351585055
0.181528579211237,0.88617356879617,0.503091763541924,2.34707785446877
0.0223362535474902,0.912333567364518,0.170457970603358,6.69105861792634
0.0705898310323681,0.996046619055774,0.373805855161787,3.76382072077094
0.114927934810478,0.990355927811976,0.410132966529115,2.94976350822612
0.0763493861589813,0.939355479919948,0.386688263878663,3.61907201522751
0.0388944509162547,0.744167337767955,0.212110786168932,5.07056293635214
0.0669976301565748,0.993332812085777,0.308212318477717,3.86340537289982
0.0624645963112989,0.739565218392134,0.188146106133701,4.00113339957948
0.252647271868883,0.994000333935556,0.757097791798107,1.98949427382716
0.0397369555097114,0.731779509131119,0.301969502457964,5.01652181241595
0.136616303062328,0.936987843668787,0.534248437075292,2.70550745886642
0.114787062523709,0.977083741235675,0.334602264300193,2.95157300011113
0.0551576155042444,0.901392740843025,0.293431332236842,4.25791765695411
0.0804462408361987,0.991660134243259,0.434740690153859,3.5257143445611
0.0391397325141131,0.484414680317997,0.259463228429275,5.05464981733112
0.10607860527425,0.991098192889919,0.539917883211679,3.07033737669207
0.0787091838042003,0.972393421541024,0.263477429872393,3.56440706291358
0.111747935127931,0.953369891143849,0.519357677078751,2.991439655421
0.0662819267276882,0.955300480061576,0.341618865519439,3.88420763733387
0.058397603144808,0.933520686938245,0.309050133834913,4.13811436221274
0.0724868033152252,0.916161120724412,0.367978208232446,3.71424481835998
Inf,0,1,0
0.11936387160476,0.809074030002421,0.370778773259821,2.89443333697653
0.368910928456331,0.907812045021046,0.723203769140165,1.64641471738511
0.844209248773077,0.837312320033332,0.961352657004831,1.08836595221007
0.809662244528138,0.900023435597569,0.963414634146341,1.11134284028605
0.116858371955848,0.686636467563373,0.418310668454319,2.92529779794665
0.15221569839604,0.962561051118789,0.451480263157895,2.56312789804826
0.205859604028304,0.990243283541251,0.558484349258649,2.20401442941943
0.278806260265757,0.960913491431749,0.515574650912997,1.8938637850995
0.0636943554932407,0.737407275682402,0.189272593681117,3.96231981476774
0.0822897026584143,0.98092988242351,0.326687749209405,3.48599896206702
0.117751770134082,0.972607132413472,0.302400395941599,2.91417935882005
0.0795766791064321,0.831284909209507,0.209776351797679,3.54492535219542
0.167134724291956,0.975539348403426,0.463870967741935,2.44605746330777
0.105570478730596,0.960892829683621,0.240464344941957,3.07771750402162
0.139509272242677,0.93905677005828,0.271985157699443,2.67730878722231
0.122165895875671,0.993510410832457,0.33843797856049,2.86104710324397
0.132602254177803,0.974769451810828,0.560350640593392,2.74615183994386
0.0760226199875704,0.788290146203264,0.412647475224162,3.62684155971088
0.039444873209584,0.858278344403527,0.138097740409879,5.03506078404202
0.0562698227344339,0.972667774041791,0.349994228327369,4.21562747664182
0.0760860958094045,0.794541104409606,0.301071927916731,3.62532837401257
0.465388583045263,0.929370458845065,0.729452054794521,1.46585879653096
0.141718206677871,0.991292567724601,0.476109215017065,2.65636149267526
0.0613305153790479,0.977080106719324,0.214844993315934,4.03795702828147
0.137074817663861,0.777784013874171,0.397224631396357,2.70097871386004
0.0698067718852882,0.987542210521591,0.28767629033449,3.78487222382535
0.166723362450619,0.9553599697794,0.415137614678899,2.44907322182383
0.0693849094151628,0.875898117246762,0.358807361376673,3.79636085960404
2.45334703268674,0.942809041582063,1,0.638440615553149
0.14790964918097,0.52392957852993,0.314915758176412,2.60017001967312
0.158445834283914,0.946425998677862,0.370404411764706,2.51223109753892
0.0558643133802022,0.887393468485164,0.164841057066258,4.23090006555189
0.0575999282295742,0.935008871572263,0.289363416599517,4.1666692625323
0.0464021003988012,0.812720190895217,0.291128134174738,4.64227838410723
0.0729829043996812,0.837299758731625,0.271122431055682,3.70159950832404
0.0566950419420598,0.54396725739097,0.195822912553201,4.19978888221752
0.0470302482799948,0.53954480487566,0.249041070259145,4.61117244864555
0.409091340301759,0.904067759110164,0.775241439859526,1.56347109593662
0.310955895612835,0.988797446561666,0.756032171581769,1.79329031231902
0.187027429467732,0.9942548057416,0.617782909930716,2.31231686931098
0.106138706308773,0.93659258005534,0.244502344971339,3.06946796444333
0.0592590129083154,0.872326798190864,0.174500237981913,4.10792771997903
0.0540420010698968,0.85610220521085,0.153909737146636,4.30164225079866
0.0687320413803192,0.915783855611027,0.291538854805726,3.81434857450471
0.230773204508995,0.990586119709034,0.771844660194175,2.08164807703318
0.0725583888859689,0.770249401304306,0.237388038139266,3.71241214296551
0.0866691110615941,0.858320244013982,0.42263435765534,3.3967832003891
0.0467206439953263,0.738045438198973,0.305878055780219,4.62642567818016
0.0586758470617993,0.938390158940604,0.250389022492573,4.12829112608849
0.0940805335882119,0.980353828888508,0.501823154056518,3.26024407302534
0.141860217319178,0.944719053642467,0.491313623895154,2.65503157065261
0.060382408972224,0.976427203277051,0.321113147808699,4.06953494712865
0.0405596611481737,0.888184368112475,0.202413760334505,4.96538400565242
0.0654847825518923,0.85497210160302,0.247509057971014,3.90777729416259
0.145552131002596,0.988505423739665,0.671956224350205,2.62114300458711
0.048219637503756,0.931841938536635,0.367741252448256,4.5539476031704
0.169135207527637,0.546217322859421,0.355147645650439,2.43154879784794
0.141075516033674,0.833707431106923,0.310171730515192,2.66240534341088
0.0802251123972106,0.958443231031634,0.267430062327874,3.53057005113528
0.102192689777754,0.95804172197719,0.420151465261771,3.1281681141825
0.127590462081695,0.949232471123841,0.304259221520277,2.79956718856508
0.279574577564718,0.980670323823106,0.596858638743455,1.89125966886925
0.186701379176837,0.905976598799519,0.55289598108747,2.314335072703
0.11869022820906,0.990410760573304,0.377988458367683,2.90263560071665
0.0973718445405544,0.959725348634699,0.259359966534198,3.20466990168437
0.0717835717398544,0.860914910575885,0.282226345083488,3.73239387551763
0.0725410401354683,0.991722845996973,0.370925270135295,3.71285604245732
0.119909861775381,0.806207774209179,0.389921722113503,2.88783615146517
0.046788680739253,0.865584923666736,0.263010417914022,4.62306074626355
0.098513023625103,0.974306177609573,0.358490566037736,3.18605431702291
0.132815092114913,0.899155737822967,0.394317578332448,2.74395058543109
0.0731668937707727,0.900754098297117,0.2641378512779,3.69694245905008
0.139615553603617,0.678462040970315,0.324013157894737,2.67628955194592
0.0809517622452686,0.83258428568429,0.426223895926053,3.51468854792289
0.0818725235641606,0.929920872207257,0.240710232473,3.49486908090059
0.0988703054018985,0.929908451200011,0.258098666102054,3.18029247895557
0.274864274034439,0.922097059398193,0.612403100775194,1.90739593322847
0.0517853217179916,0.645372652606197,0.208055615279868,4.39437040007386
0.0826304510077779,0.698091101464882,0.344098952070091,3.47880382086691
0.165537592012371,0.843745592546005,0.357856494096276,2.45782910808511
0.126198228731059,0.968791104379921,0.519760966997148,2.81496740418025
0.0429657902466461,0.621964196958845,0.266453091186829,4.82434767033622
0.0715329515920832,0.795752481767117,0.222974373143607,3.73892649577478
0.120691324448284,0.98583932981429,0.374090247452693,2.87847176230735
0.0917398517881942,0.988553612523217,0.329644921552436,3.30157359797891
0.0797970175614164,0.924090183744022,0.352550903683368,3.54002777999442
0.118389811313608,0.988007298233451,0.364843503003478,2.90631602002941
0.129768002871566,0.988415669049885,0.420302375809935,2.77597908405244
0.0645030284176668,0.725292855304253,0.212420434143953,3.93740372096887
0.0522928116778945,0.596549041319651,0.173396951006633,4.37299522580894
0.0321845999996094,0.530835145376438,0.162679084796503,5.57411522579627
0.0802753486441073,0.759918808959743,0.274483133841132,3.52946516433754
0.102461258144047,0.995277382632434,0.556398583712696,3.12406569407395
0.02604334314195,0.834903048963199,0.309588584753762,6.19657389980456
0.0780343931519451,0.67690840857522,0.194802845773544,3.57978522578617
0.0860985769649657,0.979121934252462,0.43483556638246,3.40801904643082
0.124516338226733,0.941444630440023,0.314854191980559,2.83391506404486
0.047923892708485,0.888016406048742,0.331860719205738,4.56797750330453
0.583769400584299,0.937569170283904,0.864253393665158,1.30881823329003
0.051954133635823,0.928971572436337,0.31423897484834,4.38722538951264
0.302174234195997,0.987501015451765,0.746067415730337,1.81916162030389
0.0308480524557166,0.780854161126334,0.193759186429905,5.693589142577
0.2044337763232,0.996401345253194,0.776923076923077,2.21168704712792
0.122462719630539,0.942268532381609,0.521217357910906,2.85757771289513
0.199487309022775,0.831283250925971,0.415201361315939,2.23893952919189
0.88245903267261,0.851128525101495,0.950819672131147,1.06451729956966
0.146185324284576,0.941780674897129,0.371600581274652,2.61546017949658
0.340100711325726,0.573504507727342,0.733918128654971,1.71473191004643
0.157297954396945,0.903238256198007,0.423125794155019,2.52138092296047
0.093875687283972,0.985736908582915,0.296740138383622,3.2637992268514
0.202126356699465,0.993054859218929,0.610606060606061,2.22427523274856
0.166205414201124,0.981641199878143,0.405156537753223,2.45288629396512
0.0303505359754685,0.598463046822697,0.241482266930826,5.74006509527497
0.0735968669374208,0.90803656931898,0.24247969804415,3.68612736168905
0.112173435783723,0.973254188776256,0.33150878432065,2.98576064199797
0.0506956484091409,0.891561099279368,0.263018803997967,4.44134652175109
0.0967990097183264,0.95808744959104,0.309354026845638,3.21413817331835
0.156812834595548,0.971881085085298,0.38326983027364,2.52527801234122
0.100569205371627,0.854019706418006,0.328519855595668,3.15331597272374
0.0651547731911163,0.529831320723988,0.170122769008563,3.91766125341989
0.113012220209238,0.929949629090666,0.387893462469734,2.9746597459163
0.219295260082573,0.968507129696747,0.475703324808184,2.13543018635407
0.058732926352657,0.66688484659573,0.164583015703613,4.12628460926933
0.103807203055401,0.754313729241665,0.386326641345632,3.10374658801875
0.121856436106752,0.98091623872027,0.362532730302309,2.86467767706361
0.0616024210326575,0.975264444330902,0.317693291037356,4.02903564536201
0.152124116087997,0.990081406022162,0.504142606075822,2.56389931370559
0.0969830137639387,0.933080074353747,0.391831046312178,3.21108766379933
0.0695967913781713,0.887058413387222,0.450744871694876,3.79057759339875
0.128146119005163,0.976925035168604,0.293629484989016,2.79349096524716
0.0731904397004456,0.899146437708749,0.346703946660931,3.69634774374555
0.275724785171559,0.972523577755307,0.69140362659503,1.90441720562139
0.0522006015703989,0.93545057521191,0.1663419386264,4.37685587521538
0.0748655021067352,0.911876306360062,0.200325491936677,3.65476223935248
0.0724942491866081,0.68097753983053,0.22052562032007,3.71405406875102
0.116823676414862,0.469037527569938,0.249289099526066,2.92573215876343
0.1582891491028,0.992770344419423,0.461744966442953,2.51347417713333
0.108503132013926,0.916936196147325,0.344109330819981,3.03583988689326
0.206439152095038,0.953241534100154,0.418316831683168,2.20091852917312
0.0870856317006969,0.289023146064853,0.2255447749324,3.38865025076998
0.0243898244719273,0.898227103953502,0.148857988280117,6.40317929428929
0.0283036054515121,0.812729471004891,0.188767355908501,5.94400435844958
0.0960983743186542,0.929363529039286,0.512041413459374,3.2258337367321
0.13488535561399,0.982165162570422,0.567028985507246,2.72281164520109
0.103833315245133,0.935291005074127,0.497503328894807,3.10335629557932
0.0183036243553586,0.854330194006921,0.215844303569199,7.3914807962468
0.0874190853755652,0.843620026984261,0.324885157611278,3.38218119730516
0.0977795605127292,0.887838193881702,0.392524682651622,3.19798159184089
0.0563580734668268,0.657248706508573,0.238466915191053,4.21232557201443
0.03686455824231,0.713920546486147,0.201648841354724,5.20829389812541
0.0499798165965103,0.674597770685905,0.251442169022209,4.4730388576079
0.12489279951694,0.900686612560456,0.384229869695957,2.82964074041941
0.111674156104678,0.925927752799391,0.393332210809901,2.99242765955116
0.1180269263732,0.992450679889857,0.537603305785124,2.91078046272179
0.167625630431408,0.997200079368912,0.704268292682927,2.44247309180334
0.129511505876908,0.980707000970234,0.297700170357751,2.77872663182009
0.254678152451238,0.988903481601638,0.592233009708738,1.98154598218791
0.173977682197441,0.612667051356696,0.411358173076923,2.39747026600126
0.0702589418023966,0.909341107485472,0.262393257180881,3.7726732939662
0.0992583234030138,0.973242674904602,0.39441816461684,3.17407023460479
0.125252625898339,0.767487309286233,0.422924901185771,2.82557331392444
0.0598061697677841,0.836473313972169,0.177337508097603,4.08909316321852
0.149684822263226,0.893710692841398,0.327325261419923,2.58470579781152
0.0332739024643434,0.944633608405701,0.159070663733707,5.48211485808024
0.160964912295465,0.915069145597596,0.476586433260394,2.49249554851673
0.142704913506336,0.948352535720001,0.425982311149775,2.64716210219048
0.130089420274597,0.752807833661576,0.324499577107415,2.77254759901415
0.0718780901085355,0.888122882365226,0.290833084502837,3.72993905353429
0.0930040664996487,0.836086198955399,0.343960325894439,3.27905748999304
0.18929569558614,0.964173723980995,0.441603317208017,2.29842126287603
0.0930017255689714,0.912382052440041,0.199740695546065,3.27909875803361
0.113326545214342,0.658594794010134,0.24932735426009,2.97053159050583
0.0487194734728967,0.909449917462855,0.200996677740864,4.53052683306547
0.0531901557154702,0.856053828715332,0.206554708885108,4.33595103474921
0.155712501951069,0.801831335794697,0.404990726690271,2.53418466493652
0.0330700566038341,0.70933578244006,0.229477427640028,5.49898494733732
0.368973661958621,0.943072846454108,0.872340425531915,1.64627474838101
0.0427574662771295,0.93309209175938,0.224812749901447,4.83608604187722
0.120173303053951,0.997004321889131,0.513323572474378,2.88466908929316
0.143022367836335,0.918229943713772,0.414468260511129,2.64422263224186
0.0623756193954678,0.870231534484638,0.242733188720174,4.00398612989965
0.113532141296068,0.980889587138112,0.401682439537329,2.96784069437336
0.13507570048669,0.720377193717275,0.316777566539924,2.72089251412534
0.125572489714095,0.971132589957766,0.555448175887896,2.8219723064619
0.104325704134292,0.976249962221449,0.325085910652921,3.0960241359563
0.142064783644962,0.950974712066433,0.436909871244635,2.65311932435071
0.0261878373588161,0.879877324436306,0.191113650586347,6.17945512108248
0.101156815811454,0.964320399732465,0.374134321146723,3.14414397538331
0.0505746603122341,0.777575450877347,0.18089939731108,4.44665579197319
0.0195302376748036,0.806365365218935,0.186472352418127,7.15560297161018
0.0629593697686777,0.843135249310529,0.315096642929807,3.98538070616287
0.0357469234216139,0.806204592821958,0.317792923433875,5.28908644283803
0.190757046021267,0.972763262760213,0.614380979994201,2.28960047091026
0.0331694393293963,0.532150158120667,0.203137687985189,5.49074070055277
0.0642363761317447,0.971662748483637,0.310127731702888,3.94556755617042
0.0733139802195423,0.969290644141613,0.395617296028175,3.69323209477078
0.0676106496323067,0.933389921453969,0.313927186557518,3.84585092244615
0.0514000080658868,0.954979777583382,0.384859679823709,4.41081056783159
0.113006930465653,0.998797036650819,0.647058823529412,2.97472936555427
0.119161536839542,0.744984107726472,0.347975882859604,2.89688965011175
0.137500658518108,0.867963396477674,0.391172413793103,2.69679299208972
0.0666389259871848,0.921240331144531,0.252389262860467,3.87378939169129
0.0545851303257477,0.664727578902527,0.205989698809564,4.28018779445048
0.0995306108496761,0.981101387282257,0.425409836065574,3.1697255843797
0.114960805067877,0.961961309290888,0.301146131805158,2.94934177136754
0.0970119157446336,0.711014577664486,0.268494715795487,3.2106093013926
0.106945117236471,0.674163284808253,0.317916002126528,3.05787353003498
0.0582346278773822,0.778340091132477,0.232199228340933,4.14390077424797
0.0847952897657613,0.76193451465961,0.285850178359096,3.43410947421633
0.0325668408213379,0.827092953479655,0.222637835622054,5.5413066507763
0.130564462677695,0.966572474413403,0.328933657519972,2.76749921970441
0.0670049237960571,0.803736662179689,0.301574677906792,3.86319509691391
0.0549144053577151,0.746602182696229,0.249574933203789,4.26733617561251
0.131505562607205,0.96912375098217,0.316449471354807,2.75757884187464
0.0849731358541911,0.91917147674425,0.291927316056002,3.43051385053855
0.118156602239987,0.964789548616761,0.334750911300122,2.90918274582121
0.0382848849595234,0.505358136101468,0.267652992602555,5.11076988162338
0.289754674180377,0.815485623604843,0.612565445026178,1.85773932633867
0.095024074319574,0.941516248119229,0.357142857142857,3.24401740911689
0.0482490239100666,0.920089889372701,0.209708889409194,4.5525605850861
0.268957911407534,0.986396002712392,0.640449438202247,1.92822557224206
0.0540742242321427,0.947396295255882,0.187653075925659,4.30036037228531
0.0956445127620269,0.959277318816362,0.255156202608432,3.23347844687861
0.0894721358488404,0.889948911357643,0.253725983120848,3.34315180673146
0.0503880258872645,0.937547986048358,0.207164656299956,4.45488326246034
0.14537332941245,0.957850741997247,0.497035228461807,2.6227544436298
0.034271343139867,0.764084084655613,0.267594037094817,5.40174946171609
0.0412278877769214,0.831324209932583,0.201197359668423,4.92497984343073
0.0239783205689506,0.930605286207537,0.155748274379915,6.4578896395968
0.0631126581846503,0.976320532104422,0.361981395879701,3.98053790511963
0.0644833835327754,0.939242926084564,0.312782109150595,3.93800344099258
0.0521977805701746,0.776332536616109,0.233964011015098,4.37697414599674
0.117925606631011,0.911343819123618,0.393325727324586,2.91203064160225
0.0775647229007028,0.983036404152898,0.367873303167421,3.59060703406692
Inf,0,1,0
0.102764498043809,0.952333067334394,0.397527651268705,3.1194530054593
0.184464038100171,0.932228402424292,0.629816513761468,2.32832791049373
0.0860424455938471,0.866169150137268,0.311866521128957,3.40913050712754
0.103685440336095,0.998678792240873,0.697598697598698,3.10556849153746
0.0695445075824538,0.916016462187805,0.191636341207673,3.79200221021064
0.123318072241079,0.948610659762794,0.49466984884646,2.84765017481077
0.0804420846555876,0.989568402178978,0.524553571428571,3.52580542447525
