0.695149812850107,0.733630590037476,0.917616912235746,1.19939102557369
0.881901507267218,0.740014228278529,0.916666666666667,1.06485373264292
0.219768658032508,0.49083310702957,0.753949447077409,2.1331290091493
0.943740388840821,0.81298494932174,0.974468085106383,1.02937526690717
0.0938394676402195,0.747503093099052,0.576801180888706,3.26442903775925
0.364642940045203,0.976409301253175,0.789130434782609,1.65602197420624
0.265531050186491,0.879304753658186,0.718225695242473,1.94062822435487
0.86477272447608,0.570512368852457,0.89937106918239,1.07534794225244
0.951811834008324,0.524255554395877,0.931034482758621,1.02500137959898
0.192617476912578,0.901933230512648,0.599290780141844,2.27851638050728
0.35377739610285,0.745605106575885,0.716905444126074,1.68126030565162
0.743128857729503,0.917756348953626,0.896739130434783,1.16002657015559
0.296433617898028,0.703247969182272,0.698235840297122,1.83669173944062
0.412629542936478,0.613861913171289,0.779778393351801,1.55675346337214
0.194173614189659,0.859121890126235,0.607050050841713,2.26936782338899
0.197410110512331,0.424263925241743,0.685425603973809,2.25068804544847
0.179226606713947,0.548051129778217,0.66185034371032,2.36210260626386
0.478114392320856,0.931572885395546,0.687150837988827,1.44621909511859
0.514578763297262,0.640565783183314,0.833927298645759,1.39403626097551
0.34364565117889,0.60129935589831,0.774857426233573,1.70586466681261
0.256611531839371,0.784537811392938,0.732632217615532,1.9740671219484
0.972230646444674,0.528284762700032,0.949832775919732,1.01418071178915
0.382310741482821,0.755132693810965,0.644391408114558,1.61730433225763
0.73360846461149,0.402909612880735,0.878504672897196,1.16752942051163
1.06224203060206,0.798137288674212,0.942028985507246,0.970260294337587
0.734319445835551,0.879799577119108,0.888888888888889,1.16696407219768
0.423811021049693,0.937989892924746,0.739915074309979,1.53608014959319
0.373914447325096,0.871461099709823,0.734147302087436,1.63536190601759
0.402424497128405,0.790582814756396,0.752873563218391,1.57636867079306
0.481777130634686,0.700671640933426,0.807201929703653,1.44071112460178
0.0280351154723515,0.822922105516261,0.46252077529205,5.97239915553336
0.0396822027869449,0.54305141219236,0.615621413244174,5.01998146849118
0.132097019115466,0.571998713915044,0.659665858186203,2.75139846882233
1.96866245533097,0.866025403784439,1,0.712712491416703
Inf,0,1,0
Inf,0,1,0
0.287188514260307,0.861673104844191,0.674719585849871,1.86602074060014
Inf,0,1,0
Inf,0,1,0
2.5519158450575,0.765092055676006,1,0.625989178713202
3.94068098903571,0.730296743340221,1,0.50374918977191
6.54225875383131,0.866025403784439,1,0.390963434793404
6.54225875383131,0.866025403784439,1,0.390963434793404
0.290238106619497,0.74566849701149,0.628012048192771,1.85619151831567
0.141385868475425,0.774326842101745,0.466897347174164,2.65948164974492
0.260265070834153,0.677783227384617,0.775827682489031,1.9601624099901
0.364527346652347,0.760527340144849,0.778343949044586,1.65628451970158
0.342305954274985,0.71906569805282,0.799426934097421,1.70919956340178
0.592369225218866,0.502381617948459,0.81795195954488,1.29928299971368
0.170004360105233,0.980211923974012,0.476947535771065,2.42532514858371
0.47177276940242,0.784354707428298,0.790513833992095,1.45590676840752
0.130894051028949,0.811339207082389,0.629305616498464,2.76401277243627
0.0937503900635457,0.424831603250526,0.804314117498898,3.26597952937368
1.96866245533097,0.866025403784439,1,0.712712491416703
0.0238485663123274,0.616056536167808,0.318884272706104,6.47543371317865
1.07664477634277,0.804724841778094,0.961538461538462,0.963748646616277
0.218905703665513,0.757134277296695,0.660194174757282,2.13732940769882
0.408186441329708,0.627941256592463,0.758203799654577,1.56520314777892
0.604888153024245,0.339782879943043,0.82488038277512,1.28576754914831
0.696806296131996,0.798310920306086,0.89041095890411,1.19796455069664
0.0574734794210725,0.805330747642105,0.679790822788779,4.17125033968503
0.25118760600702,0.941849770572512,0.589498249708285,1.9952664341452
0.727075591647031,0.703209717911082,0.944954128440367,1.1727628961546
0.599919170096086,0.917905121329884,0.879120879120879,1.29108141665395
0.0990526491404879,0.763540819509522,0.538357910067358,3.17736386697256
Inf,0,1,0
2.45334703268674,0.942809041582063,1,0.638440615553149
0.0631352576301836,0.344906724876634,0.573044676696911,3.9798254189069
0.494162606733845,0.813381957765683,0.809980806142035,1.4225418779432
0.369041371770918,0.963851756728871,0.814766839378238,1.6461237164424
0.327561974248013,0.900803791317351,0.635997521685254,1.74724280196869
0.142397941131521,0.827060161936425,0.448484848484848,2.65001385749386
0.152678116130002,0.709500435177514,0.639605621984477,2.55924346909401
0.372186439485149,0.827897930333431,0.735792622133599,1.63915388418407
0.440289078775976,0.847092563187716,0.792899408284024,1.50706173649243
0.564834893796627,0.90642339599379,0.830047586675731,1.33057463718198
0.791015290020429,0.90027720763763,0.881773399014778,1.12436562835549
0.87886285694485,0.868774088596736,0.937743190661479,1.06669299919046
0.034486235695407,0.914287950326285,0.468932232947161,5.38489332067008
0.0708972410405335,0.698432647971607,0.520617167497642,3.75565190423097
0.449462683528632,0.946424610703584,0.811550151975684,1.49160276513469
Inf,0,1,0
0.995416087302006,0.633863931260768,0.95,1.00229986616557
0.22238079524479,0.583013931310667,0.63159262146012,2.1205638839785
0.277481813303637,0.721961343038162,0.762380068090375,1.89837820014212
0.723770033987478,0.661204098769227,0.896907216494845,1.17543793034303
0.0712097615029416,0.753567660005784,0.627059069357864,3.74740156985468
0.0557801932089096,0.69563248048856,0.510116743761604,4.2340891003797
0.0952537449030926,0.832452185033626,0.524114123261245,3.2401041507803
Inf,0,1,0
Inf,0,1,0
0.553038513410586,0.90736199900362,0.907356948228883,1.3446904228694
Inf,0,1,0
2.45334703268674,0.942809041582063,1,0.638440615553149
1.1150295226614,0.942088297475233,0.875,0.947014910304401
1.57361296286401,0.894482618677882,1,0.797170167546861
0.574413614459679,0.862790336666296,0.829528158295282,1.31943389836921
0.580029239615406,0.554478713658526,0.853053435114504,1.31303123200724
0.390546565382805,0.85927695472421,0.777373590396508,1.60016065829067
0.660050125265607,0.647287649284909,0.845203060623896,1.23086817007927
0.0549962370683449,0.967085681275265,0.365227923364898,4.26416020000183
0.12774228059058,0.88822128720274,0.3125,2.79790308615336
1.68884952640755,0.59225774015139,1,0.76949273129669
0.691974761529933,0.951051943142448,0.921875,1.20213951436823
0.213723451776241,0.962210907203376,0.416243654822335,2.16308661599078
0.0181039279636539,0.812518151208817,0.15957403202138,7.43213506543453
0.0298230673758661,0.736587643494505,0.538992611424486,5.79060372213263
0.538838073339559,0.955203078603623,0.785714285714286,1.36229405912412
0.114256464234715,0.86420505951183,0.69491156462585,2.95841850155424
0.82764874428786,0.718474787319779,0.875,1.09920063286849
0.890173537355812,0.835027936494412,0.891304347826087,1.05989455285298
Inf,0,1,0
0.361049668313874,0.989176914328093,0.871212121212121,1.66424217950701
0.488515297630061,0.832286758678158,0.758407079646018,1.43074064854731
0.412283878183705,0.715388536574084,0.772258064516129,1.55740592892557
0.43906865691498,0.9459563940086,0.722916666666667,1.50915477450795
0.0254500995131825,0.593192451742729,0.365809097090735,6.26837915294946
0.595896482416262,0.881363393656279,0.853200883002208,1.29543190524631
0.568102325461018,0.647451932570331,0.846551724137931,1.32674272981127
0.336003843690826,0.64871287080378,0.784029788994621,1.72515403088601
0.382089970430605,0.773103050693836,0.663672654690619,1.61777150287893
Inf,0,1,0
0.209836594694061,0.974600324754483,0.562592482983131,2.18302839722329
Inf,0,1,0
0.254784113640097,0.991332424144284,0.753926701570681,1.98113389055437
0.161983971729242,0.99693202912402,0.678173127987254,2.48464289325328
0.22160524176526,0.683938793274634,0.680765615654106,2.12427131951586
0.266917790125377,0.674424429265881,0.699479413156649,1.93558050693339
0.194446576392791,0.787857686859084,0.633322559793148,2.26777440580342
0.384567352986604,0.93059808087499,0.717633928571429,1.61255224236739
0.543950728896505,0.636287745934224,0.838529548627268,1.35587676491178
0.300701473496855,0.794275296782054,0.704464117536259,1.82361107846112
0.450073000275335,0.497428520751587,0.812647289866457,1.4905910859476
0.901683808748263,0.787311071144572,0.934306569343066,1.05310788468968
1.09546282858923,0.817828810309113,0.9,0.955435067442165
0.13235457419102,0.955959006804284,0.590568654646325,2.74872012648646
Inf,0,1,0
0.195361319285739,0.927464106809004,0.502129925452609,2.26245896128972
0.772293570735992,0.905273842561257,0.930232558139535,1.13791229593338
0.419745009236462,0.970037052195797,0.886685552407932,1.54350211692917
0.373076909088391,0.776309520248308,0.740989615149664,1.63719652810412
0.603487833575629,0.73142317799729,0.819964349376114,1.28725841769948
0.620473425513623,0.522803579704368,0.868479467258602,1.26951666767063
0.404297690628028,0.47150163384017,0.790830945558739,1.57271261259211
0.452043896297036,0.975748667975785,0.780530973451327,1.48733807308511
0.447754991511251,0.70772849266784,0.769503546099291,1.49444446887341
0.537995345302095,0.914938373370213,0.821862348178138,1.36336060568482
0.725810662454441,0.907042031317748,0.886075949367089,1.17378438586617
0.0389193594776941,0.692443604574729,0.485669344480003,5.06894008534939
0.166901508540422,0.925790291630465,0.544957425201156,2.44776583609124
0.337559480293443,0.914144904469865,0.767045454545455,1.72117427025451
0.330580474928525,0.958695851180093,0.661835748792271,1.73924755044064
0.420844650467104,0.73158313929839,0.815362423368193,1.54148425980469
0.519291301930625,0.663734718985138,0.767772511848341,1.38769644547103
0.0715107394793636,0.892111944948321,0.539618021547502,3.73950712890301
0.259238081905213,0.78322843606837,0.688446380419,1.96404122921242
0.379693024231118,0.838776682045427,0.740723344293095,1.62286984600643
0.0462184398077067,0.705137286415729,0.563701524693404,4.65149286933912
0.291372222239479,0.638698380681676,0.641764405915349,1.85257554517421
0.384654080657212,0.876285251813548,0.778591778591779,1.61237044163946
0.306536673646112,0.747430063313261,0.706368715083799,1.80617064595681
0.061427327975289,0.544014567470274,0.543334575723692,4.03477376061157
0.695756946449471,0.927509987858066,0.790123456790123,1.19886760319001
1.29682513193064,0.794006946048338,1,0.878130963239644
0.596978831183234,0.757490427802984,0.842762063227953,1.29425703509167
0.592080752444049,0.924868639452783,0.868965517241379,1.29959947861326
0.618451487838762,0.770098557598933,0.849425287356322,1.27159022480374
0.547143682275707,0.616087908517877,0.846692607003891,1.35191474728952
0.666515552844812,0.805682731267011,0.830601092896175,1.22488370190238
0.929134013089542,0.549424266685335,0.960674157303371,1.03743482065205
0.635195636329627,0.924868434154657,0.819444444444444,1.25471834288442
0.244175911940465,0.428387378523635,0.661928487690504,2.02371145891226
0.197875603692048,0.946982449231364,0.562702702702703,2.24803916707315
0.291976858082022,0.551128449457247,0.671324422843256,1.85065636211444
0.152003711908647,0.889290404737648,0.689902889437236,2.56491456221809
0.685889262390385,0.816495048103092,0.887820512820513,1.20746068219684
0.45944715582808,0.822480299795314,0.770065075921909,1.47530636560543
0.292693205668188,0.974666346658053,0.678111587982833,1.84839029420529
0.646473051627433,0.955360520194989,0.876288659793814,1.24372621110951
0.951977107527966,0.588685551721409,0.914285714285714,1.02491240007541
0.361498778970127,0.908218332662447,0.69898753894081,1.66320806649107
0.394970364936018,0.879142426687386,0.689723320158103,1.59117425877608
0.558963063921889,0.708318918415758,0.883021635496883,1.33754513049109
0.605365031501098,0.931345162222286,0.82484076433121,1.2852610153713
0.833589259239756,0.379184529169533,0.919191919191919,1.09527694207477
0.259444635208252,0.790294718097319,0.711356466876972,1.96325925124047
0.619723182960208,0.958919271845902,0.843283582089552,1.27028487948447
0.709868154758811,0.868238002937772,0.839160839160839,1.18689186474992
0.507051100422274,0.88661689440207,0.802306425041186,1.4043460440293
0.304768265446034,0.357755206030151,0.767211936005752,1.81140319047903
0.850303092002033,0.586349677865751,0.912854030501089,1.08445895877498
0.250769776081252,0.605287653438214,0.7185667752443,1.9969279881412
0.270823377222987,0.417841564960516,0.762348555452004,1.92157316548314
0.343190748960761,0.737053756620983,0.807459677419355,1.70699486138258
0.496162635468961,0.545228501420462,0.751196172248804,1.41967185368821
0.802691708604337,0.935968701153905,0.945454545454545,1.11615783329229
0.0460118517835229,0.696923245343527,0.513003028817958,4.66192351348582
1.02724155773047,0.410158543551545,0.955752212389381,0.986651339035963
0.209006337900894,0.804537301056559,0.750046702783486,2.18736003083014
0.401346657270491,0.731781655750209,0.834103085165343,1.57848396656379
6.54225875383131,0.866025403784439,1,0.390963434793404
Inf,0,1,0
0.840425413951677,0.796691219178772,0.918367346938776,1.09081326758237
0.321176786209053,0.640390529488147,0.722750548646672,1.76452544721256
0.263472550532321,0.593952005594405,0.723217484772483,1.94819449660625
0.240411877521652,0.699448083625967,0.694915254237288,2.03949215881329
0.77074415123043,0.444412184411438,0.865853658536585,1.13905548872062
0.280908411258989,0.76965360201716,0.738271604938272,1.88676420444362
0.274099365396086,0.596309182073418,0.743875278396437,1.91005549278743
0.49284101343012,0.804669260420383,0.777347531461762,1.42444793192219
0.749175622435283,0.842653148704741,0.917021276595745,1.15533566815918
0.102654367513162,0.640471471648003,0.658805762081784,3.12112587594097
0.317256779666697,0.791100298858934,0.696153846153846,1.77539316756736
0.789515235628892,0.828029392467285,0.909547738693467,1.12543325134498
0.272266873051791,0.88217372176153,0.660539215686274,1.91647252822103
0.0729385399042247,0.726299808948514,0.474722178744718,3.70272507672
0.0631579652359275,0.80211399751982,0.422012027060887,3.97910990795982
0.479681793436531,0.847203018420434,0.798668885191348,1.44385433974248
0.495771666432166,0.952477599214671,0.81947261663286,1.42023152499384
0.389740734261899,0.893240881788049,0.760184473481937,1.60181405670101
0.618760173113262,0.959676748720674,0.858156028368794,1.27127300161952
0.451741551718479,0.710201596932144,0.802827380952381,1.48783571757198
0.244304375060271,0.818948547326263,0.758429491982617,2.02317932257214
0.582727056785897,0.668383975041057,0.855199222546161,1.30998827424901
0.210952276240889,0.846988179032704,0.660205032618826,2.17724795867678
0.479191736727171,0.641177469477274,0.804670912951168,1.4445924468939
1.00412585372979,0.785272998128931,0.954954954954955,0.997943434767094
1.05033046417386,0.810455257155052,0.9625,0.975746537754939
0.334414865508166,0.883767007304284,0.707091469681398,1.72924772386901
0.246948657106633,0.848608839366608,0.720967741935484,2.01231824857092
0.969251926060622,0.840016014362043,0.960629921259842,1.01573791442228
0.803712315500099,0.857750635230388,0.877005347593583,1.11544892275686
0.831377583934499,0.841114043702889,0.935309973045822,1.09673283173532
0.545872972609394,0.671535763087082,0.866261398176292,1.35348735908555
0.195617622737743,0.871747206837832,0.691168091168091,2.2609763082943
0.164787355282606,0.757214814257433,0.635082011657855,2.46341770335432
0.420796995767153,0.782123634947314,0.814032909034461,1.54157154285442
0.829170398518945,0.894641011192498,0.894308943089431,1.0981915692476
0.718649549602476,0.935376470877823,0.878378378378378,1.1796180821057
0.405319699169298,0.846252956224282,0.709193245778612,1.57072857355001
0.390863216103545,0.735494932800509,0.718796433878158,1.59951235644454
0.229393913204421,0.501024689786328,0.632737715379706,2.0878969264872
0.255684173151285,0.974789011239344,0.651665485471297,1.97764382232222
0.774974724100758,0.86018615453175,0.922666666666667,1.13594219249059
0.161510967694628,0.884424612768668,0.627869133264817,2.48827851913554
1.96866245533097,0.866025403784439,1,0.712712491416703
0.907597569990879,0.719766947438662,0.936363636363636,1.0496713358985
0.299322223500589,0.8138918105188,0.703088803088803,1.82780776778181
0.617378504935715,0.651250045000499,0.847235238987816,1.27269473545378
0.362512293555427,0.701626010353423,0.799174690508941,1.66088143436464
0.411521380337028,0.932014752756472,0.768828451882845,1.55884810076878
0.336682899928997,0.772614050342015,0.718226068144943,1.72341341992628
0.396260153209121,0.784584103071547,0.758646063281825,1.58858258939243
0.529675994900757,0.578306272984144,0.862460281434408,1.37402569551745
0.221749405129685,0.728797280659031,0.623205054566341,2.12358069333405
0.192495649774004,0.774735508562045,0.660472697636512,2.27923728309743
0.501224566572998,0.853681927127339,0.755529685681024,1.41248493829318
6.54225875383131,0.866025403784439,1,0.390963434793404
0.418297470621032,0.797029781940007,0.673372781065089,1.54617049225275
Inf,0,1,0
0.675748046283384,0.866870204641005,0.812865497076023,1.2164873597362
0.290129594734653,0.50695482835954,0.721766314966784,1.85653860460781
0.307997171881503,0.917157826096723,0.666666666666667,1.80188319803868
0.623278125884616,0.676131305829918,0.877354935945742,1.26665708670978
0.258801690458069,0.665933989347022,0.701296870594869,1.96569641506223
0.262047789993442,0.948699895004983,0.676730486008837,1.95348350888988
0.327645157029863,0.967300212820009,0.617924528301887,1.7470209922766
0.8357747100211,0.814130996214254,0.821428571428571,1.09384399569463
0.784743350882625,0.866437872134528,0.910313901345291,1.12884984501109
0.651692281160844,0.848078243354978,0.908584169453735,1.23873586380629
0.466164510412721,0.775477803440375,0.761797752808989,1.46463833291307
0.318374963215823,0.858033218112285,0.656628477905074,1.77227269355294
0.235079581809793,0.776934333476282,0.599252934898613,2.06249329452751
0.238576883261559,0.777630263602912,0.698619917941067,2.04732042720618
0.37753729970395,0.801078943684121,0.654226475279107,1.62749651537179
0.366109821584667,0.590754105867342,0.750786163522013,1.65270107697047
0.431040584308911,0.789120828882417,0.762278978388998,1.52314384070599
0.641895222815142,0.692552216108723,0.814084507042254,1.24815329692045
0.449405170668995,0.981304780301146,0.892778993435449,1.49169820639972
0.289350873495732,0.781458506159711,0.765941670785961,1.85903514906588
0.273257364226835,0.569995980297403,0.734010534236268,1.91299600265916
0.325917415852067,0.608425596798134,0.778634191459843,1.75164549264213
0.173769349904912,0.863217138842103,0.667595103716191,2.39890700056575
Inf,0,1,0
0.471189460857078,0.707229032839092,0.76610824742268,1.4568076588799
0.586279631178525,0.926583980529136,0.83596214511041,1.30601329201478
0.214705722762675,0.972170427393835,0.649267399267399,2.15813292188172
0.265068128033899,0.862472964271338,0.743478260869565,1.94232206795996
0.822661874260804,0.735142518192737,0.931868131868132,1.1025272053043
0.251056138680985,0.837258595852271,0.711915535444947,1.99578878347464
0.367943325447589,0.905749086446871,0.743589743589744,1.64857813461104
0.456082970217091,0.910789792030275,0.810457516339869,1.48073748878054
0.853156618922293,0.83522526981007,0.942307692307692,1.08264386137797
0.328825272272705,0.720476286335166,0.783831129018131,1.74388324802363
0.178135912231365,0.8677331328384,0.625308337444499,2.36932293783184
0.550484979433387,0.582769297753301,0.837401737691353,1.34780562131351
0.231428381904593,0.864343761859968,0.714002150359772,2.07869939936337
0.160962804350182,0.589148173141226,0.627088198311478,2.4925118691414
0.945115380460016,0.721539306655827,0.917647058823529,1.02862620623278
0.20077022683272,0.820690313167508,0.648636763412489,2.23177467519998
0.384454491218328,0.753456695809024,0.779172229639519,1.61278891815975
0.705542169145032,0.856297298393229,0.89161554192229,1.19052497908742
0.374508369945243,0.751622771385986,0.787404441208591,1.63406465354911
0.735083697118019,0.84435893217705,0.888646288209607,1.16635728026138
0.390304728448796,0.742644293783815,0.740276862228082,1.6006563197495
0.453834978959155,0.717253919664173,0.776074459348481,1.48440024424079
0.285348069408011,0.751731864821211,0.682725395732966,1.87202882116857
0.652444168123313,0.665821048342081,0.86968085106383,1.23802188866241
0.40370938292246,0.745560838060748,0.751522533495737,1.57385811744753
0.486504029551924,0.714867039718068,0.848291687914329,1.43369502801763
0.402056267566547,0.594640695074525,0.787156203044359,1.57709037661571
0.150380071471118,0.852072982769931,0.60519801980198,2.57872396630356
0.190936651377094,0.87177198232271,0.558309630231613,2.28852335644629
0.0843114508632285,0.998574256022831,0.547640249332146,3.44394905568106
0.198083342839362,0.995629181728564,0.677471636952998,2.24686004660833
0.227637493827679,0.82450357918917,0.628079780993352,2.09593641016628
1.78939305599829,0.928994796803029,1,0.747561843211467
1.04556813781063,0.747603806601488,0.9375,0.977966165535014
0.0490893051628619,0.59801350172372,0.250784610019761,4.51342840258377
0.0436676741922569,0.808639493539893,0.287609524280976,4.78541899725089
Inf,0,1,0
0.797747807703249,0.893171709400815,0.885714285714286,1.11961108667513
Inf,0,1,0
0.230744328581781,0.994620111605661,0.633962264150943,2.08177832430358
0.219945940377712,0.8865638240928,0.748683748683749,2.13226915616348
0.505968534750446,0.964901126651371,0.869565217391304,1.4058476042843
0.365495723598556,0.712392752002698,0.724096385542169,1.65408891051196
0.367191143884003,0.643328867365384,0.773418342324669,1.6502658056059
0.260568375917163,0.855307749156567,0.682791635172588,1.9590212501495
0.547437412260096,0.59408609436489,0.862649765584303,1.35155201068331
0.487235891203195,0.971021582151867,0.887323943661972,1.43261786935253
0.246527211370395,0.842327369584587,0.669404517453799,2.01403757357913
0.660674443500471,0.817052075708061,0.884765625,1.23028646521824
0.56750050411078,0.84493215517129,0.860630270750111,1.3274460336143
0.3321866333618,0.776316065829244,0.758543417366947,1.73503773018372
0.301418742963569,0.85394689738234,0.627423822714681,1.82144001302553
0.355022468037733,0.572193768303503,0.770937955613154,1.67830960711879
0.272951089867087,0.753378384579014,0.737230769230769,1.9140689739385
0.475513354415272,0.383466997494343,0.809101251422071,1.45016907951695
0.368356808712788,0.513506944399059,0.68988173455979,1.64765260418334
0.562270822592479,0.763954506037097,0.836486486486486,1.33360503402787
0.310548756125647,0.715611538488989,0.780070987248587,1.79446545815033
0.257846548699999,0.894890497660871,0.666537717601547,1.96933381728368
0.582330760139216,0.661337713996404,0.820197044334975,1.31043394507897
0.314376746594099,0.964699193843586,0.825823551684968,1.78350689390378
0.358312261178289,0.686352188047884,0.807606263982103,1.67058726018025
0.191119583849461,0.79337569147293,0.693626419856963,2.28742785002809
0.310704436385239,0.778050451640908,0.756307423071314,1.79401583816024
0.355409293033358,0.81748771086427,0.700779036827195,1.67739602823265
0.666983882352002,0.957150368238579,0.934306569343066,1.2244535941221
0.655904684282052,0.764415922169151,0.843426883308715,1.23475170276354
0.269518849465278,0.532167117039897,0.779326364692218,1.92621796038901
0.347579471086752,0.320896326505762,0.694358974358974,1.69618391709625
0.391917203400712,0.800772385267296,0.779910714285714,1.5973601152674
0.189254160180218,0.848644780150514,0.685307198155164,2.29867346505396
0.258715330429979,0.850771691119675,0.713687516356975,1.96602446565222
0.334818853347775,0.968988335301652,0.803708729081863,1.7282041656865
0.406961541281432,0.50007265377602,0.787004941367357,1.56755690451226
0.21675373878186,0.896023556564023,0.680452764475403,2.14791307316027
0.434768203366453,0.890480568703999,0.823615160349854,1.51660021321255
0.318299864827292,0.420486978381173,0.782598971147394,1.77248175266432
0.411552321188597,0.806603433036156,0.722627737226277,1.55878950190809
0.261831124621927,0.548094688570179,0.769994726665495,1.95429159598546
0.353783536787905,0.746928530589229,0.710782405605294,1.68124571461818
0.239675990412943,0.904912759537257,0.450420168067227,2.04262072778437
0.5140319234263,0.739731840938821,0.836024498886414,1.39477756899533
Inf,0,1,0
0.418468575461087,0.886053900453643,0.751351351351351,1.54585435823566
0.442137602353559,0.9704588090864,0.769157088122605,1.5039080157338
0.370289536740642,0.861540754718411,0.748796147672552,1.64334701320172
0.399504343045462,0.77787657903219,0.699101796407186,1.58211936952086
0.255387060435803,0.89150582019462,0.675474254742547,1.97879386557172
0.241914942004534,0.741743616719082,0.639799888827126,2.03314640631444
0.179314646028572,0.834777577173393,0.661977958236659,2.36152266638994
0.315979540826907,0.392690322389132,0.760619254958878,1.77897775760668
0.562174881892239,0.75339894540059,0.823375490623637,1.3337188256135
0.334962795289213,0.766682475431817,0.740048857594482,1.72783279937839
0.208253217198765,0.750591895191143,0.6570581257414,2.19131161313465
0.329583745572638,0.552526627538606,0.735390369331463,1.74187548709078
0.531632918983562,0.835062429111162,0.802301255230126,1.37149449132709
0.329739950836252,0.862169827056349,0.700752393980848,1.74146285533294
0.153187650777545,0.749011177599583,0.684768688970706,2.55498363031437
Inf,0,1,0
0.466228581217045,0.535939888831982,0.858906223212755,1.46453769152812
0.140814730394138,0.492681530379261,0.683090315560392,2.66486955972816
0.480385182538749,0.847220443046312,0.808377896613191,1.44279689305265
0.418678619536978,0.648077230078637,0.796648679352457,1.54546654492368
0.784644743490929,0.682438351179926,0.908150064683053,1.12892077484448
0.411292705323721,0.830391746015836,0.778382053025153,1.5592813932523
0.265004026408053,0.795465008840507,0.711099020674646,1.94255696717244
0.210180538201438,0.709518561827853,0.739334842416855,2.18124149089669
0.58347971279026,0.728905973354455,0.822888283378747,1.30914309601443
0.67269902640303,0.888490647255354,0.897102306327617,1.21924111781621
0.180227560055985,0.576577319985301,0.661314413741598,2.35553411459925
0.757082853573216,0.544986747280495,0.90558615263572,1.14928647215787
0.187546062936074,0.641502988696845,0.678372051143526,2.30911745489748
0.337688421055939,0.688565288749489,0.762397820163488,1.72084563785548
0.230512858575111,0.763641829346519,0.635525260625501,2.08282327324648
0.392884220337712,0.647388717281334,0.782315473960285,1.59539309054994
0.34603103590069,0.781156589338603,0.757267737344989,1.69997476087204
0.790544574411042,0.815459231221992,0.94,1.1247003202302
0.691378890741483,0.788552833646605,0.889418493803622,1.20265743988977
0.641439604415308,0.74348251374006,0.860123647604328,1.24859650361936
0.582392016187711,0.839506094289754,0.913152926368785,1.31036502748229
0.502274808996933,0.796743283683796,0.794621026894866,1.41100743249912
0.208932822629904,0.992072531276921,0.611428571428571,2.18774482011479
0.755046050555731,0.914144473586588,0.910714285714286,1.15083557873405
0.423156876854006,0.865551847358548,0.739776951672863,1.53726697880487
0.546968805574035,0.773952910630399,0.817821782178218,1.35213084690586
0.338227853436367,0.850210436409232,0.777846726652187,1.71947282028854
0.37794559784891,0.606297380717181,0.708599508599509,1.62661717800636
1.01126977746213,0.823486698181517,0.968253968253968,0.994412296294933
0.324132737138996,0.836101243343335,0.748872858431019,1.75646116343405
0.639412658397385,0.890693367767212,0.817941952506596,1.25057397087298
0.498814687890582,0.676361740238903,0.840095465393795,1.41589283311433
0.279079904735688,0.718590026217858,0.73411673553719,1.89293506819246
0.411305769322197,0.797062748518481,0.735135135135135,1.55925662990953
0.361168810891051,0.658628906064197,0.792397884895394,1.66396765627662
0.639423723736938,0.845783740884329,0.805929919137466,1.25056315012535
0.658730344759612,0.502458998756174,0.889340927583401,1.23210058860622
0.728948127714559,0.875578201142402,0.921375921375921,1.17125561953193
0.514474847871767,0.656398860949213,0.785443037974684,1.39417704002198
0.842407774972674,0.753890825546563,0.933333333333333,1.08952905618133
0.323724095616222,0.782401780939938,0.669846849108712,1.75756941673754
0.279590694816166,0.770605088870416,0.700049578582053,1.89120515642033
0.166144608430952,0.607432911193064,0.646608873023967,2.45333510779565
0.237425759054658,0.769906072964804,0.661905562090405,2.05227749349663
0.319798742227475,0.684211021737532,0.762526464361327,1.76832311663276
0.453374926825086,0.540742952042959,0.815556118571067,1.48515318436589
0.38130460100037,0.262248692315296,0.792928408892001,1.6194367000979
0.283968666479161,0.87261663128332,0.630208333333333,1.87657008578828
0.266360884348872,0.9181606780576,0.658472344161545,1.93760290057526
0.521627399504064,0.897628401363336,0.882820258192651,1.38458557358279
0.334955031508369,0.914440091250817,0.715483739005932,1.72785282361478
0.317974767625638,0.804221138187361,0.725865687303253,1.77338761329803
0.380550833946293,0.848106293312474,0.747987927565392,1.6210397371464
0.330679405903742,0.678794524206836,0.748847926267281,1.73898736138052
0.581435050537196,0.787389785158376,0.788449466415568,1.31144292842302
0.417639526324863,0.806968226766983,0.798591181841899,1.54738792217647
0.293410227884401,0.648651836875259,0.692634937516618,1.8461304077577
0.351686714192141,0.74175351442609,0.757799671592775,1.68625021845693
0.300782478639471,0.518843660943473,0.631403118040089,1.8233654992914
0.240012591344633,0.702424375330334,0.636235061169649,2.04118790864571
0.385064013380742,0.829649916118045,0.779967159277504,1.61151196176357
0.296272205091441,0.60851185459166,0.736142382330867,1.83719199764045
0.463697808168042,0.934944007391443,0.809638554216867,1.46852883509909
0.397985948810413,0.847744087964001,0.739716790289953,1.58513454380601
0.243236056141433,0.477766589206655,0.651266766020864,2.02761746530105
0.354606291391834,0.890953962215616,0.706866705135603,1.67929417572751
0.322960649734377,0.887363915966281,0.642416769420469,1.75964554752223
0.377384463738358,0.867165001589845,0.66721044045677,1.62782603983063
0.596273813383376,0.270629265617004,0.824601366742597,1.29502195606008
0.48021776873461,0.679601514128849,0.772526501766785,1.44304836549291
0.804508913985017,0.769248442047436,0.87375415282392,1.11489654541686
0.285030865747378,0.907677120402727,0.686724729480074,1.87307019834527
0.741210263810459,0.90725641293031,0.887052341597796,1.16152694168333
0.770304008212523,0.811057221241354,0.873720136518771,1.13938086397469
0.28582618886511,0.881613793383603,0.750375438011013,1.8704624356256
0.500921897285485,0.867840930720668,0.842864502833591,1.41291160286188
0.412865059312844,0.547262550651809,0.763311878291398,1.55630937973239
0.324537819732121,0.438939150096093,0.79351161771153,1.75536462866606
0.328195453887694,0.565798875583819,0.631794871794872,1.74555573204155
Inf,0,1,0
Inf,0,1,0
0.967437164267802,0.834969539912364,0.941747572815534,1.01669015131678
0.763321127111014,0.898614516269256,0.865116279069767,1.14458054192439
0.332399246617628,0.680704681091223,0.74731650710763,1.73448274843777
0.982121010155772,0.768241803693131,0.914893617021277,1.00906118116334
0.521065624207715,0.964264643368007,0.788018433179724,1.38533175256562
0.528194676797962,0.867353012675948,0.826325411334552,1.37595106903873
0.326626614635093,0.782366456001836,0.792286058658096,1.74974280030758
0.353187658996108,0.938599156288169,0.684305472038485,1.68266336719259
0.352978363955899,0.637564481508755,0.744386873920553,1.68316215259155
1.0453290255634,0.861994113680498,0.933333333333333,0.978078010853957
0.748295400230755,0.904490390754613,0.888324873096447,1.15601498091673
1.0020754669374,0.662371628145383,0.95360824742268,0.998963879078679
0.20820646011509,0.883416575540747,0.73002673002673,2.19155765158298
0.838272385766827,0.909695654304568,0.935,1.09221319776689
0.423276633541845,0.608696521006431,0.738973246565438,1.53704949570922
0.435450052481826,0.708367868504383,0.824701195219124,1.51541236441872
0.579573984196224,0.450293054957289,0.834664536741214,1.31354682385597
0.423732985110139,0.933722707497475,0.716652136006975,1.53622158764916
0.602878708995191,0.763041373866774,0.862582781456954,1.28790855078253
0.451612235060218,0.71904830813979,0.813253012048193,1.48804871907722
0.588530840272381,0.807317777503815,0.830872483221477,1.3035130611297
0.503951956122424,0.895186098502019,0.792824074074074,1.40865756639731
1.00525317427609,0.319231407120124,0.95933014354067,0.997383716207398
0.240348625194619,0.841364327515926,0.673653566229985,2.03976050679874
0.209768547057968,0.819808457377183,0.74927775484936,2.18338244905522
0.196949380958128,0.334648554266923,0.666203059805285,2.25331905844306
0.531786550944143,0.894741639468079,0.790909090909091,1.37129636615118
0.25134785796805,0.544426340432183,0.595291479820628,1.99463027129358
0.397057897164429,0.825405162960731,0.819153776160146,1.58698594650538
0.219150869227689,0.721814429336025,0.661420672054445,2.13613355070738
0.557358420309318,0.787292858487937,0.820255121762659,1.33946915334245
0.266449034076878,0.461144242222956,0.693828844186839,1.93728236404557
0.67779697730795,0.917882210149446,0.936708860759494,1.21464729162661
0.419641843137858,0.786371610807271,0.815386400556974,1.54369183502873
0.379099374054806,0.697554482796315,0.765251616530784,1.6241400144184
0.2689130808618,0.846014977981925,0.768810107486328,1.92838629295147
0.774323153352516,0.829487499222588,0.886363636363636,1.1364200233959
0.389144694207054,0.846076648432131,0.714487966021708,1.60304031012829
0.315249356158799,0.806876471058663,0.628211342704799,1.78103681173013
0.685859210713909,0.851052165871364,0.907608695652174,1.20748713501671
0.248205859707669,0.545634121309982,0.719408081957883,2.00721542091119
0.362703926142362,0.331718906439101,0.77409384658612,1.66044261769593
0.582712278651103,0.871082053771947,0.816166883963494,1.31000488541481
0.372853994834751,0.766309930488391,0.778448676265676,1.63768586161753
0.765200905123691,0.569395602437416,0.916149068322981,1.14317380003721
0.664509342753677,0.826153947690581,0.887303851640514,1.22673132233795
0.398712886179334,0.604897279092265,0.78319209039548,1.58368886789201
0.387650063533178,0.750893349634615,0.74740932642487,1.60612769281619
0.376050751812776,0.612223643485548,0.778602767465407,1.63071013116724
0.334471471821005,0.781285272797829,0.782483156881617,1.72910138780177
0.20466932602773,0.641007803780833,0.640074211502783,2.21041398824297
0.61131431322443,0.557207478797516,0.881182054815495,1.27899167541601
0.202429218142704,0.831225600696693,0.68564997186269,2.2226107018849
0.19819301990163,0.951377554631878,0.513525698827773,2.24623827115092
0.377289541217359,0.87546434340338,0.800563115908024,1.62803079985842
Inf,0,1,0
0.568795118094647,0.920835273588709,0.8125,1.32593449709722
0.734514650276084,0.696293295199001,0.877966101694915,1.16680899584519
0.611724071318189,0.897091866333437,0.893422148209825,1.27856324288656
0.284717251791434,0.726206751438764,0.716159642757466,1.87410150094466
0.367529914548491,0.791884704600047,0.751295336787565,1.64950506408585
0.346884969671745,0.846594572206585,0.772047244094488,1.69788104035167
0.658352348795387,0.963896167055692,0.906976744186046,1.23245424589926
0.398987723725988,0.785875467360186,0.763500931098696,1.58314332210403
0.348856185296385,0.93456539671809,0.749419953596288,1.69307729730415
0.782356081562469,0.909266974438195,1,1.13057081071064
0.70607916032705,0.798095533122763,0.92578125,1.19007218069798
0.136538337106829,0.897083249405727,0.643053533883228,2.7062797964197
0.966492940447101,0.854924640379565,0.947826086956522,1.01718666229346
0.511682187003152,0.884162847401078,0.82,1.39797643520344
0.567978246136948,0.585837360213571,0.820055710306407,1.32688764060012
0.327124136965694,0.743058754422653,0.715313463514902,1.74841170414471
0.523809740333766,0.567081649695441,0.765903307888041,1.38169827384306
0.111627967714881,0.239839266317487,0.568239472349061,2.99304668506775
0.512190563366108,0.658625710375607,0.805825242718447,1.39728247999861
0.361892342067524,0.899250188117015,0.776627218934911,1.66230343919651
0.693004620687415,0.531425105344696,0.834586466165414,1.20124594551849
1.04008644140561,0.749150568761453,0.959731543624161,0.980539926898431
0.423919926838406,0.727139546300358,0.824841824841825,1.53588282604792
0.404608901770161,0.834856846726012,0.729634002361275,1.5721076582292
0.250488877783764,0.536502189798612,0.623215230037017,1.99804735221707
0.997777641573589,0.397777308445863,0.950819672131147,1.00111303472874
0.226818985156458,0.818009796031981,0.615047479912345,2.09971474736431
0.261222764413394,0.596781187907099,0.671543444270717,1.95656594186242
0.451006076526859,0.785119320183873,0.798387096774194,1.48904836254831
0.221060897187775,0.766216190669494,0.727009886215258,2.12688513457308
0.31533165252735,0.616531623204204,0.755616065350579,1.7808043859251
0.343845678899277,0.893565164743836,0.703039179787624,1.70536841241555
0.223015065609799,0.711729611832667,0.628075571177504,2.11754622121773
0.716170000497584,0.83493335356921,0.8675,1.18165837535979
0.237448913302384,0.785428945744631,0.642431466030989,2.05217742965699
0.571789884848901,0.787857381133187,0.879854368932039,1.32245762762386
0.282969071211833,0.822899735382149,0.651291149221368,1.8798816789974
0.230656733715026,0.672660706302013,0.621071199486851,2.08217357785318
0.299198248866671,0.740330472236406,0.736684420772304,1.82818641025572
0.104904272503392,0.813196130071455,0.591992373689228,3.08747473077274
0.210491954075164,0.966753749087788,0.625334522747547,2.17962735639387
0.266702133829436,0.507205450835243,0.675105485232067,1.93636290745055
